Selective_layer_thickness,Filler_size,Filler_concentration,Crosslinker_concentration,Organic_Hildebrand_solubility_parameter,Organic_molecular_volume,Mass_ratio(A/B),Effluent_type,Effective_area,Experimental_temperature,Downstream_pressure,PC1,PC2,PC3,PC4,PC5,PC6,PC7,PC8,PC9,PC10,PC11,Separation_factor,predicted
30.0,0.0,0.0,0.0,23.19,91.8,13182.32,1,13.85,60.0,1.0,-1.4247818685867442,-1.1894371293985135,6.131975443941327,-6.083994291150919,4.4762576817778115,-2.4583869804825778,-0.0741118782960808,-0.5993598133784614,-1.9361975173863215,-0.9363304805272539,0.24548518779195683,38.12899999999999,24.80930777004402
30.0,0.0,0.0,0.0,23.19,91.8,242.3846,1,13.85,40.0,1.0,-1.4247818685867442,-1.1894371293985135,6.131975443941327,-6.083994291150919,4.4762576817778115,-2.4583869804825778,-0.0741118782960808,-0.5993598133784614,-1.9361975173863215,-0.9363304805272539,0.24548518779195683,18.6192,21.556744505919813
30.0,0.0,0.0,0.0,23.19,91.8,248.5268,1,13.85,60.0,1.0,-1.4247818685867442,-1.1894371293985135,6.131975443941327,-6.083994291150919,4.4762576817778115,-2.4583869804825778,-0.0741118782960808,-0.5993598133784614,-1.9361975173863215,-0.9363304805272539,0.24548518779195683,31.001983999999982,20.1536216143114
30.0,0.0,0.0,0.0,23.19,91.8,260.9205,1,13.85,50.0,1.0,-1.4247818685867442,-1.1894371293985135,6.131975443941327,-6.083994291150919,4.4762576817778115,-2.4583869804825778,-0.0741118782960808,-0.5993598133784614,-1.9361975173863215,-0.9363304805272539,0.24548518779195683,24.765961999999995,19.146901236926926
30.0,0.0,0.0,0.0,23.19,91.8,270.8213,1,13.85,29.0,1.0,-1.4247818685867442,-1.1894371293985135,6.131975443941327,-6.083994291150919,4.4762576817778115,-2.4583869804825778,-0.0741118782960808,-0.5993598133784614,-1.9361975173863215,-0.9363304805272539,0.24548518779195683,12.561235999999997,19.56060486752712
30.0,0.0,0.0,0.0,23.19,91.8,307.9844,1,13.85,50.0,1.0,-1.4247818685867442,-1.1894371293985135,6.131975443941327,-6.083994291150919,4.4762576817778115,-2.4583869804825778,-0.0741118782960808,-0.5993598133784614,-1.9361975173863215,-0.9363304805272539,0.24548518779195683,24.588149,19.146901236926926
30.0,0.0,0.0,0.0,23.19,91.8,324.5144,1,13.85,60.0,1.0,-1.4247818685867442,-1.1894371293985135,6.131975443941327,-6.083994291150919,4.4762576817778115,-2.4583869804825778,-0.0741118782960808,-0.5993598133784614,-1.9361975173863215,-0.9363304805272539,0.24548518779195683,31.269543000000002,20.1536216143114
30.0,0.0,0.0,0.0,23.19,91.8,337.0342,1,13.85,29.0,1.0,-1.4247818685867442,-1.1894371293985135,6.131975443941327,-6.083994291150919,4.4762576817778115,-2.4583869804825778,-0.0741118782960808,-0.5993598133784614,-1.9361975173863215,-0.9363304805272539,0.24548518779195683,12.293923000000003,19.56060486752712
30.0,0.0,0.0,0.0,23.19,91.8,338.485,1,13.85,40.0,1.0,-1.4247818685867442,-1.1894371293985135,6.131975443941327,-6.083994291150919,4.4762576817778115,-2.4583869804825778,-0.0741118782960808,-0.5993598133784614,-1.9361975173863215,-0.9363304805272539,0.24548518779195683,21.64830200000001,21.556744505919813
30.0,0.0,0.0,0.0,23.19,91.8,443.382,1,13.85,50.0,1.0,-1.4247818685867442,-1.1894371293985135,6.131975443941327,-6.083994291150919,4.4762576817778115,-2.4583869804825778,-0.0741118782960808,-0.5993598133784614,-1.9361975173863215,-0.9363304805272539,0.24548518779195683,25.479005,23.57002501685536
30.0,0.0,0.0,0.0,23.19,91.8,487.2716,1,13.85,40.0,1.0,-1.4247818685867442,-1.1894371293985135,6.131975443941327,-6.083994291150919,4.4762576817778115,-2.4583869804825778,-0.0741118782960808,-0.5993598133784614,-1.9361975173863215,-0.9363304805272539,0.24548518779195683,18.886455,26.536565943452796
30.0,0.0,0.0,0.0,23.19,91.8,502.8217,1,13.85,60.0,1.0,-1.4247818685867442,-1.1894371293985135,6.131975443941327,-6.083994291150919,4.4762576817778115,-2.4583869804825778,-0.0741118782960808,-0.5993598133784614,-1.9361975173863215,-0.9363304805272539,0.24548518779195683,33.85355,24.80930777004402
30.0,0.0,0.0,0.0,23.19,91.8,522.8411,1,13.85,29.0,1.0,-1.4247818685867442,-1.1894371293985135,6.131975443941327,-6.083994291150919,4.4762576817778115,-2.4583869804825778,-0.0741118782960808,-0.5993598133784614,-1.9361975173863215,-0.9363304805272539,0.24548518779195683,12.561235999999997,24.07929828265171
30.0,0.0,0.0,0.0,23.19,91.8,564.0,1,13.85,40.0,1.0,-1.4247818685867442,-1.1894371293985135,6.131975443941327,-6.083994291150919,4.4762576817778115,-2.4583869804825778,-0.0741118782960808,-0.5993598133784614,-1.9361975173863215,-0.9363304805272539,0.24548518779195683,20.311991999999996,26.536565943452796
30.0,0.0,0.0,0.0,23.19,91.8,612.1783,1,13.85,60.0,1.0,-1.4247818685867442,-1.1894371293985135,6.131975443941327,-6.083994291150919,4.4762576817778115,-2.4583869804825778,-0.0741118782960808,-0.5993598133784614,-1.9361975173863215,-0.9363304805272539,0.24548518779195683,31.625553000000025,24.80930777004402
30.0,0.0,0.0,0.0,23.19,91.8,631.8,1,13.85,50.0,1.0,-1.4247818685867442,-1.1894371293985135,6.131975443941327,-6.083994291150919,4.4762576817778115,-2.4583869804825778,-0.0741118782960808,-0.5993598133784614,-1.9361975173863215,-0.9363304805272539,0.24548518779195683,24.944498000000006,23.57002501685536
30.0,0.0,0.0,0.0,23.19,91.8,675.0684,1,13.85,29.0,1.0,-1.4247818685867442,-1.1894371293985135,6.131975443941327,-6.083994291150919,4.4762576817778115,-2.4583869804825778,-0.0741118782960808,-0.5993598133784614,-1.9361975173863215,-0.9363304805272539,0.24548518779195683,12.828572000000003,24.07929828265171
30.0,0.0,0.0,0.0,23.19,91.8,929.5883,1,13.85,40.0,1.0,-1.4247818685867442,-1.1894371293985135,6.131975443941327,-6.083994291150919,4.4762576817778115,-2.4583869804825778,-0.0741118782960808,-0.5993598133784614,-1.9361975173863215,-0.9363304805272539,0.24548518779195683,19.955300000000005,26.536565943452796
30.0,0.0,0.0,0.0,23.19,91.8,940.6667,1,13.85,50.0,1.0,-1.4247818685867442,-1.1894371293985135,6.131975443941327,-6.083994291150919,4.4762576817778115,-2.4583869804825778,-0.0741118782960808,-0.5993598133784614,-1.9361975173863215,-0.9363304805272539,0.24548518779195683,26.72581999999998,23.57002501685536
30.0,0.0,0.0,0.0,23.19,91.8,975.5432,1,13.85,60.0,1.0,-1.4247818685867442,-1.1894371293985135,6.131975443941327,-6.083994291150919,4.4762576817778115,-2.4583869804825778,-0.0741118782960808,-0.5993598133784614,-1.9361975173863215,-0.9363304805272539,0.24548518779195683,32.606215000000006,24.80930777004402
30.0,0.0,0.0,0.0,23.19,91.8,1215.9231,1,13.85,29.0,1.0,-1.4247818685867442,-1.1894371293985135,6.131975443941327,-6.083994291150919,4.4762576817778115,-2.4583869804825778,-0.0741118782960808,-0.5993598133784614,-1.9361975173863215,-0.9363304805272539,0.24548518779195683,13.986600999999999,24.07929828265171
30.0,0.0,0.0,0.0,23.19,91.8,1362.793,1,13.85,50.0,1.0,-1.4247818685867442,-1.1894371293985135,6.131975443941327,-6.083994291150919,4.4762576817778115,-2.4583869804825778,-0.0741118782960808,-0.5993598133784614,-1.9361975173863215,-0.9363304805272539,0.24548518779195683,25.122472,23.57002501685536
30.0,0.0,0.0,0.0,23.19,91.8,1362.793,1,13.85,60.0,1.0,-1.4247818685867442,-1.1894371293985135,6.131975443941327,-6.083994291150919,4.4762576817778115,-2.4583869804825778,-0.0741118782960808,-0.5993598133784614,-1.9361975173863215,-0.9363304805272539,0.24548518779195683,33.40794400000001,24.80930777004402
30.0,0.0,0.0,0.0,23.19,91.8,1437.1818,1,13.85,29.0,1.0,-1.4247818685867442,-1.1894371293985135,6.131975443941327,-6.083994291150919,4.4762576817778115,-2.4583869804825778,-0.0741118782960808,-0.5993598133784614,-1.9361975173863215,-0.9363304805272539,0.24548518779195683,15.679387999999998,24.07929828265171
30.0,0.0,0.0,0.0,23.19,91.8,1520.1538,1,13.85,40.0,1.0,-1.4247818685867442,-1.1894371293985135,6.131975443941327,-6.083994291150919,4.4762576817778115,-2.4583869804825778,-0.0741118782960808,-0.5993598133784614,-1.9361975173863215,-0.9363304805272539,0.24548518779195683,20.401084999999995,26.536565943452796
30.0,0.0,0.0,0.0,23.19,91.8,1796.7273,1,13.85,50.0,1.0,-1.4247818685867442,-1.1894371293985135,6.131975443941327,-6.083994291150919,4.4762576817778115,-2.4583869804825778,-0.0741118782960808,-0.5993598133784614,-1.9361975173863215,-0.9363304805272539,0.24548518779195683,27.97359299999998,23.57002501685536
30.0,0.0,0.0,0.0,23.19,91.8,1882.3332,1,13.85,40.0,1.0,-1.4247818685867442,-1.1894371293985135,6.131975443941327,-6.083994291150919,4.4762576817778115,-2.4583869804825778,-0.0741118782960808,-0.5993598133784614,-1.9361975173863215,-0.9363304805272539,0.24548518779195683,20.311991999999996,26.536565943452796
30.0,0.0,0.0,0.0,23.19,91.8,1976.5,1,13.85,60.0,1.0,-1.4247818685867442,-1.1894371293985135,6.131975443941327,-6.083994291150919,4.4762576817778115,-2.4583869804825778,-0.0741118782960808,-0.5993598133784614,-1.9361975173863215,-0.9363304805272539,0.24548518779195683,33.85355,24.80930777004402
30.0,0.0,0.0,0.0,23.19,91.8,2027.205,1,13.85,29.0,1.0,-1.4247818685867442,-1.1894371293985135,6.131975443941327,-6.083994291150919,4.4762576817778115,-2.4583869804825778,-0.0741118782960808,-0.5993598133784614,-1.9361975173863215,-0.9363304805272539,0.24548518779195683,17.282798,24.07929828265171
30.0,0.0,0.0,0.0,23.19,91.8,2395.9698,1,13.85,40.0,1.0,-1.4247818685867442,-1.1894371293985135,6.131975443941327,-6.083994291150919,4.4762576817778115,-2.4583869804825778,-0.0741118782960808,-0.5993598133784614,-1.9361975173863215,-0.9363304805272539,0.24548518779195683,21.64830200000001,26.536565943452796
30.0,0.0,0.0,0.0,23.19,91.8,3163.0003,1,13.85,50.0,1.0,-1.4247818685867442,-1.1894371293985135,6.131975443941327,-6.083994291150919,4.4762576817778115,-2.4583869804825778,-0.0741118782960808,-0.5993598133784614,-1.9361975173863215,-0.9363304805272539,0.24548518779195683,29.57704800000001,23.57002501685536
30.0,0.0,0.0,0.0,23.19,91.8,3163.0003,1,13.85,60.0,1.0,-1.4247818685867442,-1.1894371293985135,6.131975443941327,-6.083994291150919,4.4762576817778115,-2.4583869804825778,-0.0741118782960808,-0.5993598133784614,-1.9361975173863215,-0.9363304805272539,0.24548518779195683,34.120376999999976,24.80930777004402
30.0,0.0,0.0,0.0,23.19,91.8,3294.8333,1,13.85,40.0,1.0,-1.4247818685867442,-1.1894371293985135,6.131975443941327,-6.083994291150919,4.4762576817778115,-2.4583869804825778,-0.0741118782960808,-0.5993598133784614,-1.9361975173863215,-0.9363304805272539,0.24548518779195683,22.004620999999997,26.536565943452796
30.0,0.0,0.0,0.0,23.19,91.8,5272.3327,1,13.85,60.0,1.0,-1.4247818685867442,-1.1894371293985135,6.131975443941327,-6.083994291150919,4.4762576817778115,-2.4583869804825778,-0.0741118782960808,-0.5993598133784614,-1.9361975173863215,-0.9363304805272539,0.24548518779195683,35.100035000000005,24.80930777004402
30.0,0.0,0.0,0.0,23.19,91.8,5648.9984,1,13.85,40.0,1.0,-1.4247818685867442,-1.1894371293985135,6.131975443941327,-6.083994291150919,4.4762576817778115,-2.4583869804825778,-0.0741118782960808,-0.5993598133784614,-1.9361975173863215,-0.9363304805272539,0.24548518779195683,23.518896999999996,26.536565943452796
30.0,0.0,0.0,0.0,23.19,91.8,8787.8908,1,13.85,50.0,1.0,-1.4247818685867442,-1.1894371293985135,6.131975443941327,-6.083994291150919,4.4762576817778115,-2.4583869804825778,-0.0741118782960808,-0.5993598133784614,-1.9361975173863215,-0.9363304805272539,0.24548518779195683,28.329414000000007,23.57002501685536
30.0,0.0,0.0,0.0,23.19,91.8,9886.5,1,13.85,50.0,1.0,-1.4247818685867442,-1.1894371293985135,6.131975443941327,-6.083994291150919,4.4762576817778115,-2.4583869804825778,-0.0741118782960808,-0.5993598133784614,-1.9361975173863215,-0.9363304805272539,0.24548518779195683,31.803581,23.57002501685536
10.0,0.0,0.0,0.0,24.26,83.19,99.0,1,35.181939024390374,80.0,8.09346345609061,-1.4442437100839227,-2.8598114815018927,-0.6276547581130907,1.7211071635899584,-0.0726209378043243,-1.9831245705553806,0.0432847102253842,0.6461231105478648,-0.34948346812177766,0.12686243306359468,-0.19875537418411293,36.0,11.060783859334192
10.0,0.0,0.0,0.0,24.26,83.19,24.0,1,35.181939024390374,80.0,8.09346345609061,-1.4614546253015304,-2.701628261209531,0.7545860005158712,0.24815801096495496,-0.016822012278580073,-1.079647956211665,-0.25605091210768,1.028843849362903,-0.4714069942066826,0.4127052330952551,1.0876318104819185,29.0,24.40647132999606
10.0,0.0,0.0,0.0,24.26,83.19,32.3333,1,35.181939024390374,80.0,8.09346345609061,-1.4614546253015304,-2.701628261209531,0.7545860005158712,0.24815801096495496,-0.016822012278580073,-1.079647956211665,-0.25605091210768,1.028843849362903,-0.4714069942066826,0.4127052330952551,1.0876318104819185,29.999999999999996,23.53985841186903
30.0,0.0,0.0,0.0,24.26,83.19,49.0,1,35.181939024390374,80.0,8.09346345609061,-1.4614546253015304,-2.701628261209531,0.7545860005158712,0.24815801096495496,-0.016822012278580073,-1.079647956211665,-0.25605091210768,1.028843849362903,-0.4714069942066826,0.4127052330952551,1.0876318104819185,30.999999999999996,32.46326140107236
10.0,0.0,0.0,0.0,24.26,83.19,99.0,1,35.181939024390374,35.0,8.09346345609061,-1.4614546253015304,-2.701628261209531,0.7545860005158712,0.24815801096495496,-0.016822012278580073,-1.079647956211665,-0.25605091210768,1.028843849362903,-0.4714069942066826,0.4127052330952551,1.0876318104819185,49.99999999999999,24.66594386201801
10.0,0.0,0.0,0.0,24.26,83.19,99.0,1,35.181939024390374,50.0,8.09346345609061,-1.4614546253015304,-2.701628261209531,0.7545860005158712,0.24815801096495496,-0.016822012278580073,-1.079647956211665,-0.25605091210768,1.028843849362903,-0.4714069942066826,0.4127052330952551,1.0876318104819185,47.99999999999999,24.893993555819645
10.0,0.0,0.0,0.0,24.26,83.19,99.0,1,35.181939024390374,65.0,8.09346345609061,-1.4614546253015304,-2.701628261209531,0.7545860005158712,0.24815801096495496,-0.016822012278580073,-1.079647956211665,-0.25605091210768,1.028843849362903,-0.4714069942066826,0.4127052330952551,1.0876318104819185,42.99999999999999,24.334877665662628
10.0,0.0,0.0,0.0,24.26,83.19,99.0,1,35.181939024390374,80.0,8.09346345609061,-1.4614546253015304,-2.701628261209531,0.7545860005158712,0.24815801096495496,-0.016822012278580073,-1.079647956211665,-0.25605091210768,1.028843849362903,-0.4714069942066826,0.4127052330952551,1.0876318104819185,36.0,24.130950394789934
15.0,0.0,0.0,0.0,24.26,83.19,99.0,1,35.181939024390374,80.0,8.09346345609061,-1.4614546253015304,-2.701628261209531,0.7545860005158712,0.24815801096495496,-0.016822012278580073,-1.079647956211665,-0.25605091210768,1.028843849362903,-0.4714069942066826,0.4127052330952551,1.0876318104819185,32.00000000000001,26.1412317573131
10.0,0.0,0.0,0.0,24.26,83.19,99.0,1,35.181939024390374,95.0,8.09346345609061,-1.4614546253015304,-2.701628261209531,0.7545860005158712,0.24815801096495496,-0.016822012278580073,-1.079647956211665,-0.25605091210768,1.028843849362903,-0.4714069942066826,0.4127052330952551,1.0876318104819185,21.999999999999996,24.130950394789934
10.0,0.0,0.0,0.0,24.26,83.19,199.0,1,35.181939024390374,80.0,8.09346345609061,-1.4614546253015304,-2.701628261209531,0.7545860005158712,0.24815801096495496,-0.016822012278580073,-1.079647956211665,-0.25605091210768,1.028843849362903,-0.4714069942066826,0.4127052330952551,1.0876318104819185,33.0,24.462197829243863
100.0,0.0,0.0,0.0,23.57,76.4,1.5,1,14.2,30.0,6.7,-1.4247818685867442,-1.1894371293985135,6.131975443941327,-6.083994291150919,4.4762576817778115,-2.4583869804825778,-0.0741118782960808,-0.5993598133784614,-1.9361975173863215,-0.9363304805272539,0.24548518779195683,2.1153849999999994,8.895412202681534
100.0,0.0,0.0,0.0,23.57,76.4,2.3333,1,14.2,30.0,6.7,-1.4247818685867442,-1.1894371293985135,6.131975443941327,-6.083994291150919,4.4762576817778115,-2.4583869804825778,-0.0741118782960808,-0.5993598133784614,-1.9361975173863215,-0.9363304805272539,0.24548518779195683,2.6923079999999997,12.337365455600308
100.0,0.0,0.0,0.0,23.57,76.4,4.0,1,14.2,30.0,6.7,-1.4247818685867442,-1.1894371293985135,6.131975443941327,-6.083994291150919,4.4762576817778115,-2.4583869804825778,-0.0741118782960808,-0.5993598133784614,-1.9361975173863215,-0.9363304805272539,0.24548518779195683,3.269231,15.207226277104239
100.0,0.0,0.0,0.0,23.57,76.4,9.0,1,14.2,30.0,6.7,-1.4247818685867442,-1.1894371293985135,6.131975443941327,-6.083994291150919,4.4762576817778115,-2.4583869804825778,-0.0741118782960808,-0.5993598133784614,-1.9361975173863215,-0.9363304805272539,0.24548518779195683,3.5256410000000002,20.035128755701848
100.0,0.0,0.0,0.0,23.57,76.4,9.0,1,14.2,40.0,6.7,-1.4247818685867442,-1.1894371293985135,6.131975443941327,-6.083994291150919,4.4762576817778115,-2.4583869804825778,-0.0741118782960808,-0.5993598133784614,-1.9361975173863215,-0.9363304805272539,0.24548518779195683,4.52514,17.516080501449768
100.0,0.0,0.0,0.0,23.57,76.4,9.0,1,14.2,50.0,6.7,-1.4247818685867442,-1.1894371293985135,6.131975443941327,-6.083994291150919,4.4762576817778115,-2.4583869804825778,-0.0741118782960808,-0.5993598133784614,-1.9361975173863215,-0.9363304805272539,0.24548518779195683,4.5810059999999995,16.187535147027315
100.0,0.0,0.0,0.0,23.57,76.4,9.0,1,14.2,60.0,6.7,-1.4247818685867442,-1.1894371293985135,6.131975443941327,-6.083994291150919,4.4762576817778115,-2.4583869804825778,-0.0741118782960808,-0.5993598133784614,-1.9361975173863215,-0.9363304805272539,0.24548518779195683,5.195531,16.7400105408318
4.5,0.0,0.0,0.0,26.52,58.5,4.0,0,35.181939024390374,50.0,1.33,-1.419613498636198,-2.9208268841847604,0.8185600186601293,-0.8996238503738739,-0.9349935585947909,0.8472279482831544,-0.5200115798650781,1.1463882197194606,0.36342580607495306,0.5424407808875887,4.395627527616909,5.500000000000001,6.495429769036008
100.0,0.0,0.0,0.0,26.52,58.5,15.6667,1,35.181939024390374,50.0,2.0,-1.4442437100839227,-2.8598114815018927,-0.6276547581130907,1.7211071635899584,-0.0726209378043243,-1.9831245705553806,0.0432847102253842,0.6461231105478648,-0.34948346812177766,0.12686243306359468,-0.19875537418411293,8.333333000000001,6.921689334532404
100.0,70.0,0.4,0.0,26.52,58.5,15.6667,1,35.181939024390374,35.0,2.0,-1.4442437100839227,-2.8598114815018927,-0.6276547581130907,1.7211071635899584,-0.0726209378043243,-1.9831245705553806,0.0432847102253842,0.6461231105478648,-0.34948346812177766,0.12686243306359468,-0.19875537418411293,16.666667,5.592856096826265
100.0,70.0,0.3,0.0,26.52,58.5,15.6667,1,35.181939024390374,35.0,2.0,-1.4442437100839227,-2.8598114815018927,-0.6276547581130907,1.7211071635899584,-0.0726209378043243,-1.9831245705553806,0.0432847102253842,0.6461231105478648,-0.34948346812177766,0.12686243306359468,-0.19875537418411293,14.285714000000002,9.010655886960642
100.0,70.0,0.2,0.0,26.52,58.5,15.6667,1,35.181939024390374,35.0,2.0,-1.4442437100839227,-2.8598114815018927,-0.6276547581130907,1.7211071635899584,-0.0726209378043243,-1.9831245705553806,0.0432847102253842,0.6461231105478648,-0.34948346812177766,0.12686243306359468,-0.19875537418411293,12.500000000000002,6.974130936955785
100.0,70.0,0.1,0.0,26.52,58.5,15.6667,1,35.181939024390374,35.0,2.0,-1.4442437100839227,-2.8598114815018927,-0.6276547581130907,1.7211071635899584,-0.0726209378043243,-1.9831245705553806,0.0432847102253842,0.6461231105478648,-0.34948346812177766,0.12686243306359468,-0.19875537418411293,10.0,7.091966762869764
100.0,0.0,0.0,0.0,26.52,58.5,15.6667,1,35.181939024390374,35.0,2.0,-1.4442437100839227,-2.8598114815018927,-0.6276547581130907,1.7211071635899584,-0.0726209378043243,-1.9831245705553806,0.0432847102253842,0.6461231105478648,-0.34948346812177766,0.12686243306359468,-0.19875537418411293,9.090908999999996,6.854588460292294
100.0,70.0,0.4,0.0,26.52,58.5,15.6667,1,35.181939024390374,50.0,2.0,-1.4442437100839227,-2.8598114815018927,-0.6276547581130907,1.7211071635899584,-0.0726209378043243,-1.9831245705553806,0.0432847102253842,0.6461231105478648,-0.34948346812177766,0.12686243306359468,-0.19875537418411293,16.666667,5.5969149985592095
100.0,70.0,0.3,0.0,26.52,58.5,15.6667,1,35.181939024390374,50.0,2.0,-1.4442437100839227,-2.8598114815018927,-0.6276547581130907,1.7211071635899584,-0.0726209378043243,-1.9831245705553806,0.0432847102253842,0.6461231105478648,-0.34948346812177766,0.12686243306359468,-0.19875537418411293,12.500000000000002,9.209081726778257
100.0,70.0,0.2,0.0,26.52,58.5,15.6667,1,35.181939024390374,50.0,2.0,-1.4442437100839227,-2.8598114815018927,-0.6276547581130907,1.7211071635899584,-0.0726209378043243,-1.9831245705553806,0.0432847102253842,0.6461231105478648,-0.34948346812177766,0.12686243306359468,-0.19875537418411293,11.111111000000001,7.127709966665046
100.0,70.0,0.1,0.0,26.52,58.5,15.6667,1,35.181939024390374,50.0,2.0,-1.4442437100839227,-2.8598114815018927,-0.6276547581130907,1.7211071635899584,-0.0726209378043243,-1.9831245705553806,0.0432847102253842,0.6461231105478648,-0.34948346812177766,0.12686243306359468,-0.19875537418411293,10.0,6.955525726915634
100.0,70.0,0.4,0.0,26.52,58.5,15.6667,1,35.181939024390374,65.0,2.0,-1.4442437100839227,-2.8598114815018927,-0.6276547581130907,1.7211071635899584,-0.0726209378043243,-1.9831245705553806,0.0432847102253842,0.6461231105478648,-0.34948346812177766,0.12686243306359468,-0.19875537418411293,14.285714000000002,5.311204248226381
100.0,70.0,0.3,0.0,26.52,58.5,15.6667,1,35.181939024390374,65.0,2.0,-1.4442437100839227,-2.8598114815018927,-0.6276547581130907,1.7211071635899584,-0.0726209378043243,-1.9831245705553806,0.0432847102253842,0.6461231105478648,-0.34948346812177766,0.12686243306359468,-0.19875537418411293,12.500000000000002,8.266366763114643
100.0,70.0,0.2,0.0,26.52,58.5,15.6667,1,35.181939024390374,65.0,2.0,-1.4442437100839227,-2.8598114815018927,-0.6276547581130907,1.7211071635899584,-0.0726209378043243,-1.9831245705553806,0.0432847102253842,0.6461231105478648,-0.34948346812177766,0.12686243306359468,-0.19875537418411293,11.111111000000001,6.633807730838581
100.0,0.0,0.0,0.0,26.52,58.5,15.6667,1,35.181939024390374,65.0,2.0,-1.4442437100839227,-2.8598114815018927,-0.6276547581130907,1.7211071635899584,-0.0726209378043243,-1.9831245705553806,0.0432847102253842,0.6461231105478648,-0.34948346812177766,0.12686243306359468,-0.19875537418411293,9.090908999999996,6.752465819456659
100.0,70.0,0.1,0.0,26.52,58.5,15.6667,1,35.181939024390374,65.0,2.0,-1.4442437100839227,-2.8598114815018927,-0.6276547581130907,1.7211071635899584,-0.0726209378043243,-1.9831245705553806,0.0432847102253842,0.6461231105478648,-0.34948346812177766,0.12686243306359468,-0.19875537418411293,9.090908999999996,6.399968696342805
50.0,0.0,0.0,0.01,21.37,57.25,3.0,0,28.27,30.0,13.3,-2.4119727210661193,4.336363233712032,-2.630763388061111,-1.1557345055158255,1.696060668998502,0.29644259501866305,-0.1288682548395662,0.06611716981515647,0.14138966608243841,0.034230801246949716,-0.013228326371331395,6.0,42.845398737983736
50.0,0.0,0.0,0.01,21.37,57.25,4.0,0,28.27,30.0,13.3,-2.4119727210661193,4.336363233712032,-2.630763388061111,-1.1557345055158255,1.696060668998502,0.29644259501866305,-0.1288682548395662,0.06611716981515647,0.14138966608243841,0.034230801246949716,-0.013228326371331395,8.999999999999998,47.699527714106864
50.0,0.0,0.0,0.01,21.37,57.25,5.6667,0,28.27,30.0,13.3,-2.4119727210661193,4.336363233712032,-2.630763388061111,-1.1557345055158255,1.696060668998502,0.29644259501866305,-0.1288682548395662,0.06611716981515647,0.14138966608243841,0.034230801246949716,-0.013228326371331395,13.999999999999998,69.7284628838085
50.0,0.0,0.0,0.01,21.37,57.25,9.0,0,28.27,30.0,13.3,-2.4119727210661193,4.336363233712032,-2.630763388061111,-1.1557345055158255,1.696060668998502,0.29644259501866305,-0.1288682548395662,0.06611716981515647,0.14138966608243841,0.034230801246949716,-0.013228326371331395,21.999999999999996,77.15476569297259
50.0,0.0,0.0,0.01,21.37,57.25,9.0,0,28.27,40.0,13.3,-2.4119727210661193,4.336363233712032,-2.630763388061111,-1.1557345055158255,1.696060668998502,0.29644259501866305,-0.1288682548395662,0.06611716981515647,0.14138966608243841,0.034230801246949716,-0.013228326371331395,14.999999999999996,65.32191869067205
50.0,0.0,0.0,0.01,21.37,57.25,9.0,0,28.27,50.0,13.3,-2.4119727210661193,4.336363233712032,-2.630763388061111,-1.1557345055158255,1.696060668998502,0.29644259501866305,-0.1288682548395662,0.06611716981515647,0.14138966608243841,0.034230801246949716,-0.013228326371331395,12.999999999999998,43.553176232740974
50.0,0.0,0.0,0.01,21.37,57.25,9.0,0,28.27,60.0,13.3,-2.4119727210661193,4.336363233712032,-2.630763388061111,-1.1557345055158255,1.696060668998502,0.29644259501866305,-0.1288682548395662,0.06611716981515647,0.14138966608243841,0.034230801246949716,-0.013228326371331395,10.0,32.20390078771881
50.0,0.0,0.0,0.01,21.37,57.25,9.0,0,28.27,70.0,13.3,-2.4119727210661193,4.336363233712032,-2.630763388061111,-1.1557345055158255,1.696060668998502,0.29644259501866305,-0.1288682548395662,0.06611716981515647,0.14138966608243841,0.034230801246949716,-0.013228326371331395,8.999999999999998,46.0698104428248
32.0,0.0,0.0,0.0,26.52,58.5,8.0909,1,17.3,30.0,2.67,11.790336874135301,-0.28893825314056776,0.11269564737316505,1.9995281253397401,0.3144712025358381,-1.0331569242424485,3.934947563058165,-1.5502881880743222,1.0444166582794003,-0.8048103530668441,-0.09273874377210806,5.3,62.40753918159697
53.2,0.0,0.0,0.0,26.52,58.5,9.2564,1,17.3,30.0,2.67,8.541182050532022,-0.8445726482239506,-0.2438599860338029,1.3839183336466423,0.041158299446602487,-1.5805680757058507,3.489036121755287,-1.8261305033146285,0.7638266898545413,-0.6584550885855479,-0.05385753296487705,6.86,29.828315880998723
32.0,0.0,0.0,0.0,26.52,58.5,9.2564,1,17.3,30.0,2.67,7.7600037326727165,-0.7457757696493262,-0.349235382371119,-0.5120752683378559,-0.6910776280982323,0.6848845769230505,3.289028615589868,-0.8497171208808907,-0.33018271667630106,-0.22216227422647966,-0.12076662649882017,5.95,30.487543100396884
45.0,0.0,0.0,0.0,26.52,58.5,9.4603,1,17.3,30.0,2.67,11.009158556275997,-0.1901413745659437,0.007320251035848931,0.10353452335524176,-0.41776472500899703,1.232295728386452,3.734940056892746,-0.5738748056405845,-0.04959274825144236,-0.3685175387077756,-0.15964783730605117,3.7900000000000005,43.384134106561
40.0,0.0,0.0,0.0,21.37,57.25,0.1111,0,12.5,30.0,0.25,-1.5504542260154135,-2.82765619177938,0.3037639329624841,-0.8794668200652714,-1.2849419864269054,1.750326406078574,-0.02803181657642969,-0.2400540684628737,-0.011235186509355233,0.027872791406604924,-0.31608565409574835,2.5,5.181249585434309
40.0,0.0,0.0,0.0,21.37,57.25,0.4286,0,12.5,30.0,0.25,-1.5504542260154135,-2.82765619177938,0.3037639329624841,-0.8794668200652714,-1.2849419864269054,1.750326406078574,-0.02803181657642969,-0.2400540684628737,-0.011235186509355233,0.027872791406604924,-0.31608565409574835,2.5,5.111474742351966
40.0,0.0,0.0,0.0,21.37,57.25,1.0,0,12.5,30.0,0.25,-1.5504542260154135,-2.82765619177938,0.3037639329624841,-0.8794668200652714,-1.2849419864269054,1.750326406078574,-0.02803181657642969,-0.2400540684628737,-0.011235186509355233,0.027872791406604924,-0.31608565409574835,2.9999999999999996,5.151929738525277
40.0,0.0,0.0,0.0,21.37,57.25,2.3333,0,12.5,30.0,0.25,-1.5504542260154135,-2.82765619177938,0.3037639329624841,-0.8794668200652714,-1.2849419864269054,1.750326406078574,-0.02803181657642969,-0.2400540684628737,-0.011235186509355233,0.027872791406604924,-0.31608565409574835,4.0,12.748059190604787
40.0,0.0,0.0,0.0,21.37,57.25,9.0,0,12.5,30.0,0.25,-1.5504542260154135,-2.82765619177938,0.3037639329624841,-0.8794668200652714,-1.2849419864269054,1.750326406078574,-0.02803181657642969,-0.2400540684628737,-0.011235186509355233,0.027872791406604924,-0.31608565409574835,8.999999999999998,34.89473828161755
26.2,0.0,0.0,0.1,29.61,40.49,2.7313,0,14.2,25.0,2.5,-3.5657985283319285,9.9737850689854,3.513700708658526,2.0000789122992573,-2.7384160704308265,-0.27721280025928974,0.1553640094833438,0.006051915134351327,-0.131855878092767,-0.009910715693244199,-0.004706061241802284,3.9856459999999996,17.88296439328307
26.2,0.0,0.0,0.1,29.61,40.49,2.7313,0,14.2,35.0,2.5,-3.5657985283319285,9.9737850689854,3.513700708658526,2.0000789122992573,-2.7384160704308265,-0.27721280025928974,0.1553640094833438,0.006051915134351327,-0.131855878092767,-0.009910715693244199,-0.004706061241802284,4.38756,17.858709959544928
26.2,0.0,0.0,0.1,29.61,40.49,2.7313,0,14.2,45.0,2.5,-3.5657985283319285,9.9737850689854,3.513700708658526,2.0000789122992573,-2.7384160704308265,-0.27721280025928974,0.1553640094833438,0.006051915134351327,-0.131855878092767,-0.009910715693244199,-0.004706061241802284,4.856459000000001,18.257543773729072
26.2,0.0,0.0,0.1,29.61,40.49,2.7313,0,14.2,55.0,2.5,-3.5657985283319285,9.9737850689854,3.513700708658526,2.0000789122992573,-2.7384160704308265,-0.27721280025928974,0.1553640094833438,0.006051915134351327,-0.131855878092767,-0.009910715693244199,-0.004706061241802284,5.693779999999999,21.16299841058428
26.2,0.0,0.0,0.1,29.61,40.49,5.2112,0,14.2,25.0,2.5,-3.5657985283319285,9.9737850689854,3.513700708658526,2.0000789122992573,-2.7384160704308265,-0.27721280025928974,0.1553640094833438,0.006051915134351327,-0.131855878092767,-0.009910715693244199,-0.004706061241802284,4.555024,25.513504961989742
26.2,0.0,0.0,0.1,29.61,40.49,5.2112,0,14.2,35.0,2.5,-3.5657985283319285,9.9737850689854,3.513700708658526,2.0000789122992573,-2.7384160704308265,-0.27721280025928974,0.1553640094833438,0.006051915134351327,-0.131855878092767,-0.009910715693244199,-0.004706061241802284,4.923444999999999,25.00825216526167
26.2,0.0,0.0,0.1,29.61,40.49,5.2112,0,14.2,45.0,2.5,-3.5657985283319285,9.9737850689854,3.513700708658526,2.0000789122992573,-2.7384160704308265,-0.27721280025928974,0.1553640094833438,0.006051915134351327,-0.131855878092767,-0.009910715693244199,-0.004706061241802284,5.291866,24.051657040037373
26.2,0.0,0.0,0.1,29.61,40.49,5.2112,0,14.2,55.0,2.5,-3.5657985283319285,9.9737850689854,3.513700708658526,2.0000789122992573,-2.7384160704308265,-0.27721280025928974,0.1553640094833438,0.006051915134351327,-0.131855878092767,-0.009910715693244199,-0.004706061241802284,5.894737,25.74131712895981
26.2,0.0,0.0,0.1,29.61,40.49,10.1111,0,14.2,25.0,2.5,-3.5657985283319285,9.9737850689854,3.513700708658526,2.0000789122992573,-2.7384160704308265,-0.27721280025928974,0.1553640094833438,0.006051915134351327,-0.131855878092767,-0.009910715693244199,-0.004706061241802284,3.449761,23.881266771210544
26.2,0.0,0.0,0.1,29.61,40.49,10.1111,0,14.2,35.0,2.5,-3.5657985283319285,9.9737850689854,3.513700708658526,2.0000789122992573,-2.7384160704308265,-0.27721280025928974,0.1553640094833438,0.006051915134351327,-0.131855878092767,-0.009910715693244199,-0.004706061241802284,3.9856459999999996,20.213301902017818
26.2,0.0,0.0,0.1,29.61,40.49,10.1111,0,14.2,45.0,2.5,-3.5657985283319285,9.9737850689854,3.513700708658526,2.0000789122992573,-2.7384160704308265,-0.27721280025928974,0.1553640094833438,0.006051915134351327,-0.131855878092767,-0.009910715693244199,-0.004706061241802284,4.287081000000001,19.63662775525287
26.2,0.0,0.0,0.1,29.61,40.49,10.1111,0,14.2,55.0,2.5,-3.5657985283319285,9.9737850689854,3.513700708658526,2.0000789122992573,-2.7384160704308265,-0.27721280025928974,0.1553640094833438,0.006051915134351327,-0.131855878092767,-0.009910715693244199,-0.004706061241802284,5.191388,21.016126313038132
26.2,0.0,0.0,0.1,29.61,40.49,19.0,0,14.2,25.0,2.5,-3.5657985283319285,9.9737850689854,3.513700708658526,2.0000789122992573,-2.7384160704308265,-0.27721280025928974,0.1553640094833438,0.006051915134351327,-0.131855878092767,-0.009910715693244199,-0.004706061241802284,3.1818179999999994,33.143768894566094
26.2,0.0,0.0,0.1,29.61,40.49,19.0,0,14.2,35.0,2.5,-3.5657985283319285,9.9737850689854,3.513700708658526,2.0000789122992573,-2.7384160704308265,-0.27721280025928974,0.1553640094833438,0.006051915134351327,-0.131855878092767,-0.009910715693244199,-0.004706061241802284,3.583732,26.70507823630389
26.2,0.0,0.0,0.1,29.61,40.49,19.0,0,14.2,45.0,2.5,-3.5657985283319285,9.9737850689854,3.513700708658526,2.0000789122992573,-2.7384160704308265,-0.27721280025928974,0.1553640094833438,0.006051915134351327,-0.131855878092767,-0.009910715693244199,-0.004706061241802284,3.751196,26.22135261927592
26.2,0.0,0.0,0.1,29.61,40.49,19.0,0,14.2,55.0,2.5,-3.5657985283319285,9.9737850689854,3.513700708658526,2.0000789122992573,-2.7384160704308265,-0.27721280025928974,0.1553640094833438,0.006051915134351327,-0.131855878092767,-0.009910715693244199,-0.004706061241802284,4.688995,29.208040437749386
26.2,0.0,0.0,0.1,29.61,40.49,51.6316,0,14.2,25.0,2.5,-3.5657985283319285,9.9737850689854,3.513700708658526,2.0000789122992573,-2.7384160704308265,-0.27721280025928974,0.1553640094833438,0.006051915134351327,-0.131855878092767,-0.009910715693244199,-0.004706061241802284,3.047847,31.238205113689112
26.2,0.0,0.0,0.1,29.61,40.49,51.6316,0,14.2,35.0,2.5,-3.5657985283319285,9.9737850689854,3.513700708658526,2.0000789122992573,-2.7384160704308265,-0.27721280025928974,0.1553640094833438,0.006051915134351327,-0.131855878092767,-0.009910715693244199,-0.004706061241802284,3.215311,24.231117481446727
26.2,0.0,0.0,0.1,29.61,40.49,51.6316,0,14.2,45.0,2.5,-3.5657985283319285,9.9737850689854,3.513700708658526,2.0000789122992573,-2.7384160704308265,-0.27721280025928974,0.1553640094833438,0.006051915134351327,-0.131855878092767,-0.009910715693244199,-0.004706061241802284,3.248804,22.585901570511382
26.2,0.0,0.0,0.1,29.61,40.49,51.6316,0,14.2,55.0,2.5,-3.5657985283319285,9.9737850689854,3.513700708658526,2.0000789122992573,-2.7384160704308265,-0.27721280025928974,0.1553640094833438,0.006051915134351327,-0.131855878092767,-0.009910715693244199,-0.004706061241802284,3.4832540000000005,25.158501011483693
15.0,0.0,0.0,0.0,26.52,58.5,15.6667,1,31.2,30.0,2.66,-1.6159496893093812,-2.602937260946731,-0.19392604782182019,1.9594603188710413,0.43385749340818835,-2.374617314939381,1.1275387222060853,-3.3330580286356466,2.0178736986773798,-1.2157551323468236,0.49447796517071463,8.200000000000003,21.19638305453247
25.0,0.0,0.0,0.0,26.52,58.5,15.6667,1,31.2,30.0,2.66,-1.6159496893093812,-2.602937260946731,-0.19392604782182019,1.9594603188710413,0.43385749340818835,-2.374617314939381,1.1275387222060853,-3.3330580286356466,2.0178736986773798,-1.2157551323468236,0.49447796517071463,20.000000000000004,17.42877224710428
19.0,0.0,0.0,0.0,26.52,58.5,15.6667,1,31.2,30.0,2.66,-1.6159496893093812,-2.602937260946731,-0.19392604782182019,1.9594603188710413,0.43385749340818835,-2.374617314939381,1.1275387222060853,-3.3330580286356466,2.0178736986773798,-1.2157551323468236,0.49447796517071463,19.300000000000015,21.07782698011771
20.0,0.0,0.0,0.0,26.52,58.5,15.6667,1,31.2,30.0,2.66,-1.6159496893093812,-2.602937260946731,-0.19392604782182019,1.9594603188710413,0.43385749340818835,-2.374617314939381,1.1275387222060853,-3.3330580286356466,2.0178736986773798,-1.2157551323468236,0.49447796517071463,18.499999999999986,19.623628259380716
14.0,0.0,0.0,0.0,26.52,58.5,9.0,1,31.2,30.0,2.66,-1.6159496893093812,-2.602937260946731,-0.19392604782182019,1.9594603188710413,0.43385749340818835,-2.374617314939381,1.1275387222060853,-3.3330580286356466,2.0178736986773798,-1.2157551323468236,0.49447796517071463,17.39999999999999,21.882960071252143
14.0,0.0,0.0,0.0,26.52,58.5,32.3333,1,31.2,30.0,2.66,-1.6159496893093812,-2.602937260946731,-0.19392604782182019,1.9594603188710413,0.43385749340818835,-2.374617314939381,1.1275387222060853,-3.3330580286356466,2.0178736986773798,-1.2157551323468236,0.49447796517071463,16.8,21.386725958297312
14.0,0.0,0.0,0.0,26.52,58.5,15.6667,1,31.2,30.0,2.66,-1.6159496893093812,-2.602937260946731,-0.19392604782182019,1.9594603188710413,0.43385749340818835,-2.374617314939381,1.1275387222060853,-3.3330580286356466,2.0178736986773798,-1.2157551323468236,0.49447796517071463,16.500000000000007,21.201997250447057
15.0,0.0,0.0,0.0,26.52,58.5,15.6667,1,31.2,30.0,2.66,-1.6159496893093812,-2.602937260946731,-0.19392604782182019,1.9594603188710413,0.43385749340818835,-2.374617314939381,1.1275387222060853,-3.3330580286356466,2.0178736986773798,-1.2157551323468236,0.49447796517071463,16.0,21.19638305453247
18.0,0.0,0.0,0.0,26.52,58.5,15.6667,1,31.2,30.0,2.66,-1.6159496893093812,-2.602937260946731,-0.19392604782182019,1.9594603188710413,0.43385749340818835,-2.374617314939381,1.1275387222060853,-3.3330580286356466,2.0178736986773798,-1.2157551323468236,0.49447796517071463,15.700000000000003,21.07782698011771
20.0,0.0,0.0,0.0,26.52,58.5,15.6667,1,31.2,30.0,2.66,-1.6159496893093812,-2.602937260946731,-0.19392604782182019,1.9594603188710413,0.43385749340818835,-2.374617314939381,1.1275387222060853,-3.3330580286356466,2.0178736986773798,-1.2157551323468236,0.49447796517071463,15.499999999999996,19.623628259380716
15.0,0.0,0.0,0.0,26.52,58.5,15.6667,1,31.2,30.0,2.66,-1.6159496893093812,-2.602937260946731,-0.19392604782182019,1.9594603188710413,0.43385749340818835,-2.374617314939381,1.1275387222060853,-3.3330580286356466,2.0178736986773798,-1.2157551323468236,0.49447796517071463,15.10000000000001,21.19638305453247
500.0,0.0,0.0,0.0,26.52,58.5,15.6667,1,7.5,35.0,2.0,-1.4442437100839227,-2.8598114815018927,-0.6276547581130907,1.7211071635899584,-0.0726209378043243,-1.9831245705553806,0.0432847102253842,0.6461231105478648,-0.34948346812177766,0.12686243306359468,-0.19875537418411293,5.882353,4.981023842176805
500.0,0.0,0.0,0.0,26.52,58.5,15.6667,1,7.5,74.0,2.0,-1.4442437100839227,-2.8598114815018927,-0.6276547581130907,1.7211071635899584,-0.0726209378043243,-1.9831245705553806,0.0432847102253842,0.6461231105478648,-0.34948346812177766,0.12686243306359468,-0.19875537418411293,7.692308000000001,3.211769726504783
500.0,0.0,0.0,0.0,23.19,91.8,15.6667,1,7.5,35.0,2.0,-1.4442437100839227,-2.8598114815018927,-0.6276547581130907,1.7211071635899584,-0.0726209378043243,-1.9831245705553806,0.0432847102253842,0.6461231105478648,-0.34948346812177766,0.12686243306359468,-0.19875537418411293,33.333333,18.84459635456338
500.0,0.0,0.0,0.0,23.57,76.4,15.6667,1,7.5,35.0,2.0,-1.4442437100839227,-2.8598114815018927,-0.6276547581130907,1.7211071635899584,-0.0726209378043243,-1.9831245705553806,0.0432847102253842,0.6461231105478648,-0.34948346812177766,0.12686243306359468,-0.19875537418411293,14.285714000000002,8.311895407018309
500.0,0.0,0.0,0.0,21.75,91.3,15.6667,1,7.5,35.0,2.0,-1.4442437100839227,-2.8598114815018927,-0.6276547581130907,1.7211071635899584,-0.0726209378043243,-1.9831245705553806,0.0432847102253842,0.6461231105478648,-0.34948346812177766,0.12686243306359468,-0.19875537418411293,10.0,9.810231173732772
500.0,0.0,0.0,0.0,23.19,91.8,15.6667,1,7.5,74.0,2.0,-1.4442437100839227,-2.8598114815018927,-0.6276547581130907,1.7211071635899584,-0.0726209378043243,-1.9831245705553806,0.0432847102253842,0.6461231105478648,-0.34948346812177766,0.12686243306359468,-0.19875537418411293,49.99999999999999,14.72208358011893
500.0,0.0,0.0,0.0,21.75,91.3,15.6667,1,7.5,74.0,2.0,-1.4442437100839227,-2.8598114815018927,-0.6276547581130907,1.7211071635899584,-0.0726209378043243,-1.9831245705553806,0.0432847102253842,0.6461231105478648,-0.34948346812177766,0.12686243306359468,-0.19875537418411293,20.000000000000004,7.509054315361957
500.0,0.0,0.0,0.0,23.57,76.4,15.6667,1,7.5,74.0,2.0,-1.4442437100839227,-2.8598114815018927,-0.6276547581130907,1.7211071635899584,-0.0726209378043243,-1.9831245705553806,0.0432847102253842,0.6461231105478648,-0.34948346812177766,0.12686243306359468,-0.19875537418411293,16.666667,5.514804559871808
50.0,50.0,0.2,0.0,21.37,57.25,2.3333,1,35.181939024390374,45.0,146.0,-1.4442437100839227,-2.8598114815018927,-0.6276547581130907,1.7211071635899584,-0.0726209378043243,-1.9831245705553806,0.0432847102253842,0.6461231105478648,-0.34948346812177766,0.12686243306359468,-0.19875537418411293,2.1,2.3551853854312474
50.0,5000.0,0.2,0.0,21.37,57.25,2.3333,1,35.181939024390374,45.0,146.0,-1.4442437100839227,-2.8598114815018927,-0.6276547581130907,1.7211071635899584,-0.0726209378043243,-1.9831245705553806,0.0432847102253842,0.6461231105478648,-0.34948346812177766,0.12686243306359468,-0.19875537418411293,2.0799999999999996,2.571425397137546
50.0,0.0,0.0,0.0,21.37,57.25,2.3333,1,35.181939024390374,45.0,146.0,-1.4442437100839227,-2.8598114815018927,-0.6276547581130907,1.7211071635899584,-0.0726209378043243,-1.9831245705553806,0.0432847102253842,0.6461231105478648,-0.34948346812177766,0.12686243306359468,-0.19875537418411293,2.0,2.126459923794652
20.0,50.0,0.2,0.0,21.37,57.25,2.3333,1,35.181939024390374,45.0,146.0,-1.4442437100839227,-2.8598114815018927,-0.6276547581130907,1.7211071635899584,-0.0726209378043243,-1.9831245705553806,0.0432847102253842,0.6461231105478648,-0.34948346812177766,0.12686243306359468,-0.19875537418411293,2.0,1.8880858174933923
20.0,5000.0,0.2,0.0,21.37,57.25,2.3333,1,35.181939024390374,45.0,146.0,-1.4442437100839227,-2.8598114815018927,-0.6276547581130907,1.7211071635899584,-0.0726209378043243,-1.9831245705553806,0.0432847102253842,0.6461231105478648,-0.34948346812177766,0.12686243306359468,-0.19875537418411293,1.89,2.0366379232378113
20.0,0.0,0.0,0.0,21.37,57.25,2.3333,1,35.181939024390374,45.0,146.0,-1.4442437100839227,-2.8598114815018927,-0.6276547581130907,1.7211071635899584,-0.0726209378043243,-1.9831245705553806,0.0432847102253842,0.6461231105478648,-0.34948346812177766,0.12686243306359468,-0.19875537418411293,1.7999999999999998,1.9571242219258296
50.0,50.0,0.2,0.0,21.37,57.25,4.0,1,35.181939024390374,25.0,146.0,-1.4442437100839227,-2.8598114815018927,-0.6276547581130907,1.7211071635899584,-0.0726209378043243,-1.9831245705553806,0.0432847102253842,0.6461231105478648,-0.34948346812177766,0.12686243306359468,-0.19875537418411293,2.0,2.5784228817418633
50.0,5000.0,0.2,0.0,21.37,57.25,4.0,1,35.181939024390374,25.0,146.0,-1.4442437100839227,-2.8598114815018927,-0.6276547581130907,1.7211071635899584,-0.0726209378043243,-1.9831245705553806,0.0432847102253842,0.6461231105478648,-0.34948346812177766,0.12686243306359468,-0.19875537418411293,1.7999999999999998,2.7658534753452564
50.0,0.0,0.0,0.0,21.37,57.25,4.0,1,35.181939024390374,25.0,146.0,-1.4442437100839227,-2.8598114815018927,-0.6276547581130907,1.7211071635899584,-0.0726209378043243,-1.9831245705553806,0.0432847102253842,0.6461231105478648,-0.34948346812177766,0.12686243306359468,-0.19875537418411293,1.6,2.495687664024271
50.0,50.0,0.2,0.0,21.37,57.25,4.0,1,35.181939024390374,35.0,146.0,-1.4442437100839227,-2.8598114815018927,-0.6276547581130907,1.7211071635899584,-0.0726209378043243,-1.9831245705553806,0.0432847102253842,0.6461231105478648,-0.34948346812177766,0.12686243306359468,-0.19875537418411293,2.2999999999999994,2.4986457030339406
50.0,5000.0,0.2,0.0,21.37,57.25,4.0,1,35.181939024390374,35.0,146.0,-1.4442437100839227,-2.8598114815018927,-0.6276547581130907,1.7211071635899584,-0.0726209378043243,-1.9831245705553806,0.0432847102253842,0.6461231105478648,-0.34948346812177766,0.12686243306359468,-0.19875537418411293,2.1,2.6881767009301263
50.0,0.0,0.0,0.0,21.37,57.25,4.0,1,35.181939024390374,35.0,146.0,-1.4442437100839227,-2.8598114815018927,-0.6276547581130907,1.7211071635899584,-0.0726209378043243,-1.9831245705553806,0.0432847102253842,0.6461231105478648,-0.34948346812177766,0.12686243306359468,-0.19875537418411293,1.9199999999999995,2.391956587428639
50.0,50.0,0.2,0.0,21.37,57.25,4.0,1,35.181939024390374,45.0,146.0,-1.4442437100839227,-2.8598114815018927,-0.6276547581130907,1.7211071635899584,-0.0726209378043243,-1.9831245705553806,0.0432847102253842,0.6461231105478648,-0.34948346812177766,0.12686243306359468,-0.19875537418411293,2.4,2.514875369192449
50.0,0.0,0.0,0.0,21.37,57.25,4.0,1,35.181939024390374,45.0,146.0,-1.4442437100839227,-2.8598114815018927,-0.6276547581130907,1.7211071635899584,-0.0726209378043243,-1.9831245705553806,0.0432847102253842,0.6461231105478648,-0.34948346812177766,0.12686243306359468,-0.19875537418411293,2.2,2.2562023730361433
50.0,5000.0,0.2,0.0,21.37,57.25,4.0,1,35.181939024390374,45.0,146.0,-1.4442437100839227,-2.8598114815018927,-0.6276547581130907,1.7211071635899584,-0.0726209378043243,-1.9831245705553806,0.0432847102253842,0.6461231105478648,-0.34948346812177766,0.12686243306359468,-0.19875537418411293,2.1,2.6402323273586488
20.0,50.0,0.2,0.0,21.37,57.25,4.0,1,35.181939024390374,45.0,146.0,-1.4442437100839227,-2.8598114815018927,-0.6276547581130907,1.7211071635899584,-0.0726209378043243,-1.9831245705553806,0.0432847102253842,0.6461231105478648,-0.34948346812177766,0.12686243306359468,-0.19875537418411293,2.1,2.07804269903405
20.0,0.0,0.0,0.0,21.37,57.25,4.0,1,35.181939024390374,45.0,146.0,-1.4442437100839227,-2.8598114815018927,-0.6276547581130907,1.7211071635899584,-0.0726209378043243,-1.9831245705553806,0.0432847102253842,0.6461231105478648,-0.34948346812177766,0.12686243306359468,-0.19875537418411293,1.9,2.0158072362086616
20.0,5000.0,0.2,0.0,21.37,57.25,4.0,1,35.181939024390374,45.0,146.0,-1.4442437100839227,-2.8598114815018927,-0.6276547581130907,1.7211071635899584,-0.0726209378043243,-1.9831245705553806,0.0432847102253842,0.6461231105478648,-0.34948346812177766,0.12686243306359468,-0.19875537418411293,1.9,2.1553778181184944
50.0,5000.0,0.2,0.0,21.37,57.25,4.0,1,35.181939024390374,55.0,146.0,-1.4442437100839227,-2.8598114815018927,-0.6276547581130907,1.7211071635899584,-0.0726209378043243,-1.9831245705553806,0.0432847102253842,0.6461231105478648,-0.34948346812177766,0.12686243306359468,-0.19875537418411293,1.9,2.888580741586598
50.0,50.0,0.2,0.0,21.37,57.25,4.0,1,35.181939024390374,55.0,146.0,-1.4442437100839227,-2.8598114815018927,-0.6276547581130907,1.7211071635899584,-0.0726209378043243,-1.9831245705553806,0.0432847102253842,0.6461231105478648,-0.34948346812177766,0.12686243306359468,-0.19875537418411293,1.9,2.774941530351944
50.0,0.0,0.0,0.0,21.37,57.25,4.0,1,35.181939024390374,55.0,146.0,-1.4442437100839227,-2.8598114815018927,-0.6276547581130907,1.7211071635899584,-0.0726209378043243,-1.9831245705553806,0.0432847102253842,0.6461231105478648,-0.34948346812177766,0.12686243306359468,-0.19875537418411293,1.8599999999999999,2.502503461519944
50.0,50.0,0.2,0.0,21.37,57.25,9.0,1,35.181939024390374,45.0,146.0,-1.4442437100839227,-2.8598114815018927,-0.6276547581130907,1.7211071635899584,-0.0726209378043243,-1.9831245705553806,0.0432847102253842,0.6461231105478648,-0.34948346812177766,0.12686243306359468,-0.19875537418411293,2.1,2.4737401406667012
50.0,5000.0,0.2,0.0,21.37,57.25,9.0,1,35.181939024390374,45.0,146.0,-1.4442437100839227,-2.8598114815018927,-0.6276547581130907,1.7211071635899584,-0.0726209378043243,-1.9831245705553806,0.0432847102253842,0.6461231105478648,-0.34948346812177766,0.12686243306359468,-0.19875537418411293,1.8099999999999998,2.590694261649617
50.0,0.0,0.0,0.0,21.37,57.25,9.0,1,35.181939024390374,45.0,146.0,-1.4442437100839227,-2.8598114815018927,-0.6276547581130907,1.7211071635899584,-0.0726209378043243,-1.9831245705553806,0.0432847102253842,0.6461231105478648,-0.34948346812177766,0.12686243306359468,-0.19875537418411293,1.72,2.2211127469170244
20.0,50.0,0.2,0.0,21.37,57.25,9.0,1,35.181939024390374,45.0,146.0,-1.4442437100839227,-2.8598114815018927,-0.6276547581130907,1.7211071635899584,-0.0726209378043243,-1.9831245705553806,0.0432847102253842,0.6461231105478648,-0.34948346812177766,0.12686243306359468,-0.19875537418411293,1.72,2.0333426605859497
20.0,0.0,0.0,0.0,21.37,57.25,9.0,1,35.181939024390374,45.0,146.0,-1.4442437100839227,-2.8598114815018927,-0.6276547581130907,1.7211071635899584,-0.0726209378043243,-1.9831245705553806,0.0432847102253842,0.6461231105478648,-0.34948346812177766,0.12686243306359468,-0.19875537418411293,1.7,1.904103965246342
20.0,5000.0,0.2,0.0,21.37,57.25,9.0,1,35.181939024390374,45.0,146.0,-1.4442437100839227,-2.8598114815018927,-0.6276547581130907,1.7211071635899584,-0.0726209378043243,-1.9831245705553806,0.0432847102253842,0.6461231105478648,-0.34948346812177766,0.12686243306359468,-0.19875537418411293,1.6,2.1088086243896362
50.0,0.0,0.0,0.0,21.37,57.25,19.0,1,35.181939024390374,45.0,146.0,-1.4442437100839227,-2.8598114815018927,-0.6276547581130907,1.7211071635899584,-0.0726209378043243,-1.9831245705553806,0.0432847102253842,0.6461231105478648,-0.34948346812177766,0.12686243306359468,-0.19875537418411293,1.7,3.5661970779403034
50.0,50.0,0.2,0.0,21.37,57.25,19.0,1,35.181939024390374,45.0,146.0,-1.4442437100839227,-2.8598114815018927,-0.6276547581130907,1.7211071635899584,-0.0726209378043243,-1.9831245705553806,0.0432847102253842,0.6461231105478648,-0.34948346812177766,0.12686243306359468,-0.19875537418411293,1.7,3.7057999867107396
50.0,5000.0,0.2,0.0,21.37,57.25,19.0,1,35.181939024390374,45.0,146.0,-1.4442437100839227,-2.8598114815018927,-0.6276547581130907,1.7211071635899584,-0.0726209378043243,-1.9831245705553806,0.0432847102253842,0.6461231105478648,-0.34948346812177766,0.12686243306359468,-0.19875537418411293,1.6,3.637416258999829
20.0,50.0,0.2,0.0,21.37,57.25,19.0,1,35.181939024390374,45.0,146.0,-1.4442437100839227,-2.8598114815018927,-0.6276547581130907,1.7211071635899584,-0.0726209378043243,-1.9831245705553806,0.0432847102253842,0.6461231105478648,-0.34948346812177766,0.12686243306359468,-0.19875537418411293,1.56,2.7675437594219314
20.0,0.0,0.0,0.0,21.37,57.25,19.0,1,35.181939024390374,45.0,146.0,-1.4442437100839227,-2.8598114815018927,-0.6276547581130907,1.7211071635899584,-0.0726209378043243,-1.9831245705553806,0.0432847102253842,0.6461231105478648,-0.34948346812177766,0.12686243306359468,-0.19875537418411293,1.5199999999999998,2.594689601005798
20.0,5000.0,0.2,0.0,21.37,57.25,19.0,1,35.181939024390374,45.0,146.0,-1.4442437100839227,-2.8598114815018927,-0.6276547581130907,1.7211071635899584,-0.0726209378043243,-1.9831245705553806,0.0432847102253842,0.6461231105478648,-0.34948346812177766,0.12686243306359468,-0.19875537418411293,1.4,2.831115989389164
45.0,0.0,0.0,0.0,21.37,57.25,9.0,0,22.1,50.0,2.66,-2.4119727210661193,4.336363233712032,-2.630763388061111,-1.1557345055158255,1.696060668998502,0.29644259501866305,-0.1288682548395662,0.06611716981515647,0.14138966608243841,0.034230801246949716,-0.013228326371331395,60.0,94.25251472683226
45.0,0.0,0.0,0.0,21.37,57.25,9.0,0,22.1,60.0,2.66,-2.4119727210661193,4.336363233712032,-2.630763388061111,-1.1557345055158255,1.696060668998502,0.29644259501866305,-0.1288682548395662,0.06611716981515647,0.14138966608243841,0.034230801246949716,-0.013228326371331395,98.0,94.30253684568197
45.0,0.0,0.0,0.0,21.37,57.25,9.0,0,22.1,70.0,2.66,-2.4119727210661193,4.336363233712032,-2.630763388061111,-1.1557345055158255,1.696060668998502,0.29644259501866305,-0.1288682548395662,0.06611716981515647,0.14138966608243841,0.034230801246949716,-0.013228326371331395,134.00000000000017,140.0729414095467
45.0,0.0,0.0,0.0,21.37,57.25,9.0,0,22.1,40.0,2.66,-2.4119727210661193,4.336363233712032,-2.630763388061111,-1.1557345055158255,1.696060668998502,0.29644259501866305,-0.1288682548395662,0.06611716981515647,0.14138966608243841,0.034230801246949716,-0.013228326371331395,37.99999999999998,100.19509809319447
19.0,200.0,0.0,0.0,23.19,91.8,99.0,1,100.0,30.0,4.0,-1.4442437100839227,-2.8598114815018927,-0.6276547581130907,1.7211071635899584,-0.0726209378043243,-1.9831245705553806,0.0432847102253842,0.6461231105478648,-0.34948346812177766,0.12686243306359468,-0.19875537418411293,100.0,39.37347110900809
19.0,200.0,0.0,0.0,23.19,91.8,99.0,1,100.0,50.0,4.0,-1.4442437100839227,-2.8598114815018927,-0.6276547581130907,1.7211071635899584,-0.0726209378043243,-1.9831245705553806,0.0432847102253842,0.6461231105478648,-0.34948346812177766,0.12686243306359468,-0.19875537418411293,100.0,37.572268426367685
300.0,200.0,0.0,0.0,23.19,91.8,99.0,1,100.0,70.0,4.0,-1.4442437100839227,-2.8598114815018927,-0.6276547581130907,1.7211071635899584,-0.0726209378043243,-1.9831245705553806,0.0432847102253842,0.6461231105478648,-0.34948346812177766,0.12686243306359468,-0.19875537418411293,100.0,52.76251048241673
19.0,200.0,0.0,0.0,23.19,91.8,99.0,1,100.0,70.0,4.0,-1.4442437100839227,-2.8598114815018927,-0.6276547581130907,1.7211071635899584,-0.0726209378043243,-1.9831245705553806,0.0432847102253842,0.6461231105478648,-0.34948346812177766,0.12686243306359468,-0.19875537418411293,100.0,38.003017903072745
50.0,0.0,0.0,0.0,23.19,91.8,99.0,1,100.0,30.0,4.0,-1.4442437100839227,-2.8598114815018927,-0.6276547581130907,1.7211071635899584,-0.0726209378043243,-1.9831245705553806,0.0432847102253842,0.6461231105478648,-0.34948346812177766,0.12686243306359468,-0.19875537418411293,49.99999999999999,37.45226045096674
300.0,200.0,0.0,0.0,23.19,91.8,99.0,1,100.0,30.0,4.0,-1.4442437100839227,-2.8598114815018927,-0.6276547581130907,1.7211071635899584,-0.0726209378043243,-1.9831245705553806,0.0432847102253842,0.6461231105478648,-0.34948346812177766,0.12686243306359468,-0.19875537418411293,33.333333,48.42164097249491
300.0,200.0,0.0,0.0,23.19,91.8,99.0,1,100.0,50.0,4.0,-1.4442437100839227,-2.8598114815018927,-0.6276547581130907,1.7211071635899584,-0.0726209378043243,-1.9831245705553806,0.0432847102253842,0.6461231105478648,-0.34948346812177766,0.12686243306359468,-0.19875537418411293,49.99999999999999,52.32937566468998
50.0,0.0,0.0,0.0,23.19,91.8,99.0,1,100.0,50.0,4.0,-1.4442437100839227,-2.8598114815018927,-0.6276547581130907,1.7211071635899584,-0.0726209378043243,-1.9831245705553806,0.0432847102253842,0.6461231105478648,-0.34948346812177766,0.12686243306359468,-0.19875537418411293,49.99999999999999,35.12494714365747
50.0,0.0,0.0,0.0,23.19,91.8,99.0,1,100.0,70.0,4.0,-1.4442437100839227,-2.8598114815018927,-0.6276547581130907,1.7211071635899584,-0.0726209378043243,-1.9831245705553806,0.0432847102253842,0.6461231105478648,-0.34948346812177766,0.12686243306359468,-0.19875537418411293,49.99999999999999,34.37296348765755
141.0,0.0,0.0,0.0,23.57,76.4,1.0,0,8.55,25.0,1.33,26.793493591052687,1.948810918561,0.889025361723644,2.8178173958286448,4.253295762830526,3.106164061002467,6.220019937106623,0.7702279390202202,0.5947440827017207,3.6228540706459533,-0.03112232471497539,88.90999999999998,36.32405790079649
141.0,0.0,0.0,0.0,23.57,76.4,2.3333,0,8.55,25.0,1.33,26.793493591052687,1.948810918561,0.889025361723644,2.8178173958286448,4.253295762830526,3.106164061002467,6.220019937106623,0.7702279390202202,0.5947440827017207,3.6228540706459533,-0.03112232471497539,170.97,99.96856028308532
141.0,0.0,0.0,0.0,23.57,76.4,4.0,0,8.55,25.0,1.33,26.793493591052687,1.948810918561,0.889025361723644,2.8178173958286448,4.253295762830526,3.106164061002467,6.220019937106623,0.7702279390202202,0.5947440827017207,3.6228540706459533,-0.03112232471497539,266.7200000000001,137.84195254484092
141.0,0.0,0.0,0.0,23.57,76.4,9.0,0,8.55,25.0,1.33,26.793493591052687,1.948810918561,0.889025361723644,2.8178173958286448,4.253295762830526,3.106164061002467,6.220019937106623,0.7702279390202202,0.5947440827017207,3.6228540706459533,-0.03112232471497539,318.69000000000005,185.1023761820617
141.0,0.0,0.0,0.0,23.57,76.4,19.0,0,8.55,25.0,1.33,26.793493591052687,1.948810918561,0.889025361723644,2.8178173958286448,4.253295762830526,3.106164061002467,6.220019937106623,0.7702279390202202,0.5947440827017207,3.6228540706459533,-0.03112232471497539,382.98000000000013,227.0904811543639
129.0,0.0,0.0,0.0,23.57,76.4,0.0526,0,8.55,25.0,1.33,26.793493591052687,1.948810918561,0.889025361723644,2.8178173958286448,4.253295762830526,3.106164061002467,6.220019937106623,0.7702279390202202,0.5947440827017207,3.6228540706459533,-0.03112232471497539,1.3599999999999999,9.862046674148045
129.0,0.0,0.0,0.0,23.57,76.4,0.1765,0,8.55,25.0,1.33,26.793493591052687,1.948810918561,0.889025361723644,2.8178173958286448,4.253295762830526,3.106164061002467,6.220019937106623,0.7702279390202202,0.5947440827017207,3.6228540706459533,-0.03112232471497539,5.419999999999999,13.215389139025522
129.0,0.0,0.0,0.0,23.57,76.4,0.4286,0,8.55,25.0,1.33,26.793493591052687,1.948810918561,0.889025361723644,2.8178173958286448,4.253295762830526,3.106164061002467,6.220019937106623,0.7702279390202202,0.5947440827017207,3.6228540706459533,-0.03112232471497539,5.419999999999999,21.356687328487133
129.0,0.0,0.0,0.0,23.57,76.4,1.0,0,8.55,25.0,1.33,26.793493591052687,1.948810918561,0.889025361723644,2.8178173958286448,4.253295762830526,3.106164061002467,6.220019937106623,0.7702279390202202,0.5947440827017207,3.6228540706459533,-0.03112232471497539,8.13,36.92559574234438
141.0,0.0,0.0,0.0,23.57,76.4,0.0526,0,8.55,25.0,1.33,26.793493591052687,1.948810918561,0.889025361723644,2.8178173958286448,4.253295762830526,3.106164061002467,6.220019937106623,0.7702279390202202,0.5947440827017207,3.6228540706459533,-0.03112232471497539,11.000000000000002,9.766443345932618
141.0,0.0,0.0,0.0,23.57,76.4,0.1765,0,8.55,25.0,1.33,26.793493591052687,1.948810918561,0.889025361723644,2.8178173958286448,4.253295762830526,3.106164061002467,6.220019937106623,0.7702279390202202,0.5947440827017207,3.6228540706459533,-0.03112232471497539,16.410000000000004,13.087278288702256
141.0,0.0,0.0,0.0,23.57,76.4,0.4286,0,8.55,25.0,1.33,26.793493591052687,1.948810918561,0.889025361723644,2.8178173958286448,4.253295762830526,3.106164061002467,6.220019937106623,0.7702279390202202,0.5947440827017207,3.6228540706459533,-0.03112232471497539,28.72000000000001,21.008775389900343
129.0,0.0,0.0,0.0,23.57,76.4,2.3333,0,8.55,25.0,1.33,26.793493591052687,1.948810918561,0.889025361723644,2.8178173958286448,4.253295762830526,3.106164061002467,6.220019937106623,0.7702279390202202,0.5947440827017207,3.6228540706459533,-0.03112232471497539,10.839999999999995,100.94714857172268
129.0,0.0,0.0,0.0,23.57,76.4,4.0,0,8.55,25.0,1.33,26.793493591052687,1.948810918561,0.889025361723644,2.8178173958286448,4.253295762830526,3.106164061002467,6.220019937106623,0.7702279390202202,0.5947440827017207,3.6228540706459533,-0.03112232471497539,17.620000000000005,139.19128197462615
129.0,0.0,0.0,0.0,23.57,76.4,9.0,0,8.55,25.0,1.33,26.793493591052687,1.948810918561,0.889025361723644,2.8178173958286448,4.253295762830526,3.106164061002467,6.220019937106623,0.7702279390202202,0.5947440827017207,3.6228540706459533,-0.03112232471497539,32.529999999999994,186.91433603241555
129.0,0.0,0.0,0.0,23.57,76.4,19.0,0,8.55,25.0,1.33,26.793493591052687,1.948810918561,0.889025361723644,2.8178173958286448,4.253295762830526,3.106164061002467,6.220019937106623,0.7702279390202202,0.5947440827017207,3.6228540706459533,-0.03112232471497539,46.08,229.31346090609074
12.2,500.0,0.15,0.1,23.19,91.8,99.0,1,12.0,40.0,1.0,-1.4442437100839227,-2.8598114815018927,-0.6276547581130907,1.7211071635899584,-0.0726209378043243,-1.9831245705553806,0.0432847102253842,0.6461231105478648,-0.34948346812177766,0.12686243306359468,-0.19875537418411293,63.0,54.96085655082496
12.2,500.0,0.15,0.1,23.19,91.8,99.0,1,12.0,40.0,1.0,-1.4442437100839227,-2.8598114815018927,-0.6276547581130907,1.7211071635899584,-0.0726209378043243,-1.9831245705553806,0.0432847102253842,0.6461231105478648,-0.34948346812177766,0.12686243306359468,-0.19875537418411293,62.0,54.96085655082496
14.8,500.0,0.2,0.1,23.19,91.8,99.0,1,12.0,40.0,1.0,-1.4442437100839227,-2.8598114815018927,-0.6276547581130907,1.7211071635899584,-0.0726209378043243,-1.9831245705553806,0.0432847102253842,0.6461231105478648,-0.34948346812177766,0.12686243306359468,-0.19875537418411293,62.0,56.91972675804235
12.2,500.0,0.15,0.1,23.19,91.8,99.0,1,12.0,50.0,1.0,-1.4442437100839227,-2.8598114815018927,-0.6276547581130907,1.7211071635899584,-0.0726209378043243,-1.9831245705553806,0.0432847102253842,0.6461231105478648,-0.34948346812177766,0.12686243306359468,-0.19875537418411293,70.00000000000001,45.73500550235977
12.2,500.0,0.15,0.1,23.19,91.8,99.0,1,12.0,60.0,1.0,-1.4442437100839227,-2.8598114815018927,-0.6276547581130907,1.7211071635899584,-0.0726209378043243,-1.9831245705553806,0.0432847102253842,0.6461231105478648,-0.34948346812177766,0.12686243306359468,-0.19875537418411293,71.99999999999997,37.873671553958495
12.2,500.0,0.15,0.1,23.19,91.8,99.0,1,12.0,70.0,1.0,-1.4442437100839227,-2.8598114815018927,-0.6276547581130907,1.7211071635899584,-0.0726209378043243,-1.9831245705553806,0.0432847102253842,0.6461231105478648,-0.34948346812177766,0.12686243306359468,-0.19875537418411293,75.00000000000001,39.92429030378969
12.2,500.0,0.15,0.1,23.19,91.8,99.0,1,12.0,80.0,1.0,-1.4442437100839227,-2.8598114815018927,-0.6276547581130907,1.7211071635899584,-0.0726209378043243,-1.9831245705553806,0.0432847102253842,0.6461231105478648,-0.34948346812177766,0.12686243306359468,-0.19875537418411293,76.00000000000004,41.46202389966617
12.2,500.0,0.15,0.1,23.19,91.8,99.0,1,12.0,40.0,1.0,-1.4442437100839227,-2.8598114815018927,-0.6276547581130907,1.7211071635899584,-0.0726209378043243,-1.9831245705553806,0.0432847102253842,0.6461231105478648,-0.34948346812177766,0.12686243306359468,-0.19875537418411293,57.99999999999998,54.96085655082496
11.1,500.0,0.1,0.1,23.19,91.8,99.0,1,12.0,40.0,1.0,-1.4442437100839227,-2.8598114815018927,-0.6276547581130907,1.7211071635899584,-0.0726209378043243,-1.9831245705553806,0.0432847102253842,0.6461231105478648,-0.34948346812177766,0.12686243306359468,-0.19875537418411293,51.000000000000014,51.540731673756405
12.2,500.0,0.15,0.1,23.19,91.8,99.0,1,12.0,40.0,1.0,-1.4442437100839227,-2.8598114815018927,-0.6276547581130907,1.7211071635899584,-0.0726209378043243,-1.9831245705553806,0.0432847102253842,0.6461231105478648,-0.34948346812177766,0.12686243306359468,-0.19875537418411293,49.99999999999999,54.96085655082496
10.7,500.0,0.05,0.1,23.19,91.8,99.0,1,12.0,40.0,1.0,-1.4442437100839227,-2.8598114815018927,-0.6276547581130907,1.7211071635899584,-0.0726209378043243,-1.9831245705553806,0.0432847102253842,0.6461231105478648,-0.34948346812177766,0.12686243306359468,-0.19875537418411293,47.99999999999999,41.33799057247458
12.2,500.0,0.15,0.1,23.19,91.8,99.0,1,12.0,40.0,1.0,-1.4442437100839227,-2.8598114815018927,-0.6276547581130907,1.7211071635899584,-0.0726209378043243,-1.9831245705553806,0.0432847102253842,0.6461231105478648,-0.34948346812177766,0.12686243306359468,-0.19875537418411293,42.99999999999999,54.96085655082496
13.3,0.0,0.0,0.1,23.19,91.8,99.0,1,12.0,40.0,1.0,-1.4442437100839227,-2.8598114815018927,-0.6276547581130907,1.7211071635899584,-0.0726209378043243,-1.9831245705553806,0.0432847102253842,0.6461231105478648,-0.34948346812177766,0.12686243306359468,-0.19875537418411293,38.599605999999994,40.422196448819975
12.2,500.0,0.15,0.1,23.19,91.8,99.0,1,12.0,40.0,1.0,-1.4442437100839227,-2.8598114815018927,-0.6276547581130907,1.7211071635899584,-0.0726209378043243,-1.9831245705553806,0.0432847102253842,0.6461231105478648,-0.34948346812177766,0.12686243306359468,-0.19875537418411293,37.99999999999998,54.96085655082496
12.2,500.0,0.15,0.1,23.19,91.8,99.0,1,12.0,40.0,1.0,-1.4442437100839227,-2.8598114815018927,-0.6276547581130907,1.7211071635899584,-0.0726209378043243,-1.9831245705553806,0.0432847102253842,0.6461231105478648,-0.34948346812177766,0.12686243306359468,-0.19875537418411293,30.999999999999996,54.96085655082496
0.1,0.0,0.0,0.0,26.52,58.5,6.6923,0,35.181939024390374,60.0,8.09346345609061,-1.5504542260154135,-2.82765619177938,0.3037639329624841,-0.8794668200652714,-1.2849419864269054,1.750326406078574,-0.02803181657642969,-0.2400540684628737,-0.011235186509355233,0.027872791406604924,-0.31608565409574835,126.99999999999999,94.47507287377044
0.1,0.0,0.0,0.0,23.19,91.8,19.0,0,35.181939024390374,60.0,8.09346345609061,-1.5504542260154135,-2.82765619177938,0.3037639329624841,-0.8794668200652714,-1.2849419864269054,1.750326406078574,-0.02803181657642969,-0.2400540684628737,-0.011235186509355233,0.027872791406604924,-0.31608565409574835,350.0000000000004,514.5695593502113
25.0,0.0,0.0,0.0,18.17,140.3,0.0471,0,15.9,25.0,200.0,24.335842352557037,1.7463977414808454,-0.8643253793253234,-1.5630190330155198,-2.2650595128331577,-1.238749023315304,-2.183075276112376,0.2801996280733008,0.2868554387357111,-1.3386772415081727,-0.09697308419059036,347.50000000000017,12.084661853707273
50.0,0.0,0.0,0.001,23.57,76.4,9.0,0,15.8,30.0,6.7,-1.5504542260154135,-2.82765619177938,0.3037639329624841,-0.8794668200652714,-1.2849419864269054,1.750326406078574,-0.02803181657642969,-0.2400540684628737,-0.011235186509355233,0.027872791406604924,-0.31608565409574835,163.41880299999997,355.571027094591
50.0,53.34666667,0.01,0.001,23.57,76.4,9.0,0,15.8,30.0,6.7,-1.5504542260154135,-2.82765619177938,0.3037639329624841,-0.8794668200652714,-1.2849419864269054,1.750326406078574,-0.02803181657642969,-0.2400540684628737,-0.011235186509355233,0.027872791406604924,-0.31608565409574835,160.00000000000009,793.7776102843085
50.0,53.34666667,0.025,0.001,23.57,76.4,9.0,0,15.8,30.0,6.7,-1.5504542260154135,-2.82765619177938,0.3037639329624841,-0.8794668200652714,-1.2849419864269054,1.750326406078574,-0.02803181657642969,-0.2400540684628737,-0.011235186509355233,0.027872791406604924,-0.31608565409574835,152.00000000000003,845.03783131128
50.0,53.34666667,0.05,0.001,23.57,76.4,9.0,0,15.8,30.0,6.7,-1.5504542260154135,-2.82765619177938,0.3037639329624841,-0.8794668200652714,-1.2849419864269054,1.750326406078574,-0.02803181657642969,-0.2400540684628737,-0.011235186509355233,0.027872791406604924,-0.31608565409574835,132.00000000000006,926.4278583881301
50.0,53.34666667,0.075,0.001,23.57,76.4,9.0,0,15.8,30.0,6.7,-1.5504542260154135,-2.82765619177938,0.3037639329624841,-0.8794668200652714,-1.2849419864269054,1.750326406078574,-0.02803181657642969,-0.2400540684628737,-0.011235186509355233,0.027872791406604924,-0.31608565409574835,91.00000000000001,1195.0210337868812
50.0,53.34666667,0.1,0.001,23.57,76.4,9.0,0,15.8,30.0,6.7,-1.5504542260154135,-2.82765619177938,0.3037639329624841,-0.8794668200652714,-1.2849419864269054,1.750326406078574,-0.02803181657642969,-0.2400540684628737,-0.011235186509355233,0.027872791406604924,-0.31608565409574835,70.99999999999999,1280.2977778992713
18.0,0.0,0.0,0.0,23.57,76.4,2.3333,0,62.21,30.0,4.0,-1.5504542260154135,-2.82765619177938,0.3037639329624841,-0.8794668200652714,-1.2849419864269054,1.750326406078574,-0.02803181657642969,-0.2400540684628737,-0.011235186509355233,0.027872791406604924,-0.31608565409574835,339.4000000000001,43.09081738654502
18.0,0.0,0.0,0.0,23.57,76.4,2.3333,0,62.21,40.0,4.0,-1.5504542260154135,-2.82765619177938,0.3037639329624841,-0.8794668200652714,-1.2849419864269054,1.750326406078574,-0.02803181657642969,-0.2400540684628737,-0.011235186509355233,0.027872791406604924,-0.31608565409574835,236.09999999999997,96.49133519558934
18.0,0.0,0.0,0.0,23.57,76.4,2.3333,0,62.21,50.0,4.0,-1.5504542260154135,-2.82765619177938,0.3037639329624841,-0.8794668200652714,-1.2849419864269054,1.750326406078574,-0.02803181657642969,-0.2400540684628737,-0.011235186509355233,0.027872791406604924,-0.31608565409574835,183.69999999999976,89.73518860620672
14.0,0.0,0.0,0.0,21.37,57.25,4.0,0,5.5,70.0,0.001,-1.5504542260154135,-2.82765619177938,0.3037639329624841,-0.8794668200652714,-1.2849419864269054,1.750326406078574,-0.02803181657642969,-0.2400540684628737,-0.011235186509355233,0.027872791406604924,-0.31608565409574835,96.0,13.093655598326968
28.0,50.0,0.15,0.035,26.52,58.5,32.3333,0,112.0,25.0,3.0,-2.4119727210661193,4.336363233712032,-2.630763388061111,-1.1557345055158255,1.696060668998502,0.29644259501866305,-0.1288682548395662,0.06611716981515647,0.14138966608243841,0.034230801246949716,-0.013228326371331395,64.77987399999999,143.96201063488462
28.0,50.0,0.1,0.035,26.52,58.5,32.3333,0,112.0,25.0,3.0,-2.4119727210661193,4.336363233712032,-2.630763388061111,-1.1557345055158255,1.696060668998502,0.29644259501866305,-0.1288682548395662,0.06611716981515647,0.14138966608243841,0.034230801246949716,-0.013228326371331395,55.974843,195.80964313042148
28.0,50.0,0.05,0.035,26.52,58.5,32.3333,0,112.0,25.0,3.0,-2.4119727210661193,4.336363233712032,-2.630763388061111,-1.1557345055158255,1.696060668998502,0.29644259501866305,-0.1288682548395662,0.06611716981515647,0.14138966608243841,0.034230801246949716,-0.013228326371331395,27.044024999999998,108.95535902189621
28.0,0.0,0.0,0.035,26.52,58.5,32.3333,0,112.0,25.0,3.0,-2.4119727210661193,4.336363233712032,-2.630763388061111,-1.1557345055158255,1.696060668998502,0.29644259501866305,-0.1288682548395662,0.06611716981515647,0.14138966608243841,0.034230801246949716,-0.013228326371331395,23.27044,66.53737304939769
20.0,80.0,0.2,0.2,23.19,91.8,32.3333,1,22.0,60.0,1.0,-1.4442437100839227,-2.8598114815018927,-0.6276547581130907,1.7211071635899584,-0.0726209378043243,-1.9831245705553806,0.0432847102253842,0.6461231105478648,-0.34948346812177766,0.12686243306359468,-0.19875537418411293,65.000002,31.486617041068396
20.0,0.0,0.0,0.2,23.19,91.8,32.3333,1,22.0,40.0,1.0,-1.4442437100839227,-2.8598114815018927,-0.6276547581130907,1.7211071635899584,-0.0726209378043243,-1.9831245705553806,0.0432847102253842,0.6461231105478648,-0.34948346812177766,0.12686243306359468,-0.19875537418411293,37.0,28.910010263903757
20.0,0.0,0.0,0.2,23.19,91.8,32.3333,1,22.0,50.0,1.0,-1.4442437100839227,-2.8598114815018927,-0.6276547581130907,1.7211071635899584,-0.0726209378043243,-1.9831245705553806,0.0432847102253842,0.6461231105478648,-0.34948346812177766,0.12686243306359468,-0.19875537418411293,43.999999,25.6312523596891
20.0,80.0,0.3,0.2,23.19,91.8,32.3333,1,22.0,60.0,1.0,-1.4442437100839227,-2.8598114815018927,-0.6276547581130907,1.7211071635899584,-0.0726209378043243,-1.9831245705553806,0.0432847102253842,0.6461231105478648,-0.34948346812177766,0.12686243306359468,-0.19875537418411293,56.99999900000001,39.675995191154186
20.0,80.0,0.1,0.2,23.19,91.8,32.3333,1,22.0,60.0,1.0,-1.4442437100839227,-2.8598114815018927,-0.6276547581130907,1.7211071635899584,-0.0726209378043243,-1.9831245705553806,0.0432847102253842,0.6461231105478648,-0.34948346812177766,0.12686243306359468,-0.19875537418411293,49.99999999999999,28.15218220154449
20.0,80.0,0.4,0.2,23.19,91.8,32.3333,1,22.0,60.0,1.0,-1.4442437100839227,-2.8598114815018927,-0.6276547581130907,1.7211071635899584,-0.0726209378043243,-1.9831245705553806,0.0432847102253842,0.6461231105478648,-0.34948346812177766,0.12686243306359468,-0.19875537418411293,38.99999900000001,27.275967284123148
20.0,0.0,0.0,0.2,23.19,91.8,32.3333,1,22.0,60.0,1.0,-1.4442437100839227,-2.8598114815018927,-0.6276547581130907,1.7211071635899584,-0.0726209378043243,-1.9831245705553806,0.0432847102253842,0.6461231105478648,-0.34948346812177766,0.12686243306359468,-0.19875537418411293,20.000000000000004,22.793378819745765
20.0,0.0,0.0,0.2,23.19,91.8,32.3333,1,22.0,70.0,1.0,-1.4442437100839227,-2.8598114815018927,-0.6276547581130907,1.7211071635899584,-0.0726209378043243,-1.9831245705553806,0.0432847102253842,0.6461231105478648,-0.34948346812177766,0.12686243306359468,-0.19875537418411293,40.000000000000014,22.61578625696521
20.0,0.0,0.0,0.2,23.19,91.8,32.3333,1,22.0,80.0,1.0,-1.4442437100839227,-2.8598114815018927,-0.6276547581130907,1.7211071635899584,-0.0726209378043243,-1.9831245705553806,0.0432847102253842,0.6461231105478648,-0.34948346812177766,0.12686243306359468,-0.19875537418411293,36.0,22.77295867985607
10.0,0.0,0.0,0.0,26.52,58.5,3.2391,0,15.2,60.0,0.4,-1.5504542260154135,-2.82765619177938,0.3037639329624841,-0.8794668200652714,-1.2849419864269054,1.750326406078574,-0.02803181657642969,-0.2400540684628737,-0.011235186509355233,0.027872791406604924,-0.31608565409574835,658.000000000001,149.34012479131317
10.0,0.0,0.0,0.0,26.52,58.5,3.2427,0,15.2,80.0,0.4,-1.5504542260154135,-2.82765619177938,0.3037639329624841,-0.8794668200652714,-1.2849419864269054,1.750326406078574,-0.02803181657642969,-0.2400540684628737,-0.011235186509355233,0.027872791406604924,-0.31608565409574835,321.99999999999994,301.11748991901857
40.0,0.0,0.0,0.0,23.57,76.4,19.0,0,34.23,30.0,13.33,-3.5657985283319285,9.9737850689854,3.513700708658526,2.0000789122992573,-2.7384160704308265,-0.27721280025928974,0.1553640094833438,0.006051915134351327,-0.131855878092767,-0.009910715693244199,-0.004706061241802284,422.0,1292.2395940569672
40.0,0.0,0.0,0.0,23.57,76.4,9.0,0,34.23,30.0,13.33,-3.5657985283319285,9.9737850689854,3.513700708658526,2.0000789122992573,-2.7384160704308265,-0.27721280025928974,0.1553640094833438,0.006051915134351327,-0.131855878092767,-0.009910715693244199,-0.004706061241802284,170.99999999999991,532.885221202333
40.0,0.0,0.0,0.0,23.57,76.4,9.0,0,34.23,40.0,13.33,-3.5657985283319285,9.9737850689854,3.513700708658526,2.0000789122992573,-2.7384160704308265,-0.27721280025928974,0.1553640094833438,0.006051915134351327,-0.131855878092767,-0.009910715693244199,-0.004706061241802284,104.80000000000008,290.88243224654246
40.0,0.0,0.0,0.0,23.57,76.4,9.0,0,34.23,50.0,13.33,-3.5657985283319285,9.9737850689854,3.513700708658526,2.0000789122992573,-2.7384160704308265,-0.27721280025928974,0.1553640094833438,0.006051915134351327,-0.131855878092767,-0.009910715693244199,-0.004706061241802284,72.90000000000002,211.09541950846776
67.50735806632956,0.0,0.0,0.0,26.52,58.5,27.5714,0,13.8,40.0,0.01,-3.5657985283319285,9.9737850689854,3.513700708658526,2.0000789122992573,-2.7384160704308265,-0.27721280025928974,0.1553640094833438,0.006051915134351327,-0.131855878092767,-0.009910715693244199,-0.004706061241802284,726.0,40.64548411452328
18.0,0.0,0.0,0.1,26.52,58.5,0.25,0,62.21,25.0,2.0,-3.5657985283319285,9.9737850689854,3.513700708658526,2.0000789122992573,-2.7384160704308265,-0.27721280025928974,0.1553640094833438,0.006051915134351327,-0.131855878092767,-0.009910715693244199,-0.004706061241802284,750.0000000000001,18.210876875575885
18.0,0.0,0.0,0.1,26.52,58.5,0.4286,0,62.21,25.0,2.0,-3.5657985283319285,9.9737850689854,3.513700708658526,2.0000789122992573,-2.7384160704308265,-0.27721280025928974,0.1553640094833438,0.006051915134351327,-0.131855878092767,-0.009910715693244199,-0.004706061241802284,679.9999999999998,20.284075073697668
18.0,0.0,0.0,0.1,26.52,58.5,0.6667,0,62.21,25.0,2.0,-3.5657985283319285,9.9737850689854,3.513700708658526,2.0000789122992573,-2.7384160704308265,-0.27721280025928974,0.1553640094833438,0.006051915134351327,-0.131855878092767,-0.009910715693244199,-0.004706061241802284,639.9999999999999,26.254354615612595
18.0,0.0,0.0,0.1,26.52,58.5,1.0,0,62.21,25.0,2.0,-3.5657985283319285,9.9737850689854,3.513700708658526,2.0000789122992573,-2.7384160704308265,-0.27721280025928974,0.1553640094833438,0.006051915134351327,-0.131855878092767,-0.009910715693244199,-0.004706061241802284,599.9999999999997,50.637832449887654
18.0,0.0,0.0,0.1,26.52,58.5,1.5,0,62.21,25.0,2.0,-3.5657985283319285,9.9737850689854,3.513700708658526,2.0000789122992573,-2.7384160704308265,-0.27721280025928974,0.1553640094833438,0.006051915134351327,-0.131855878092767,-0.009910715693244199,-0.004706061241802284,509.9999999999999,58.23556384263141
40.0,500.0,0.015,0.0,26.52,58.5,9.0,0,11.25,40.0,2.0,-1.5504542260154135,-2.82765619177938,0.3037639329624841,-0.8794668200652714,-1.2849419864269054,1.750326406078574,-0.02803181657642969,-0.2400540684628737,-0.011235186509355233,0.027872791406604924,-0.31608565409574835,449.99999999999983,179.34953707531733
40.0,500.0,0.015,0.0,26.52,58.5,9.0,0,11.25,50.0,2.0,-1.5504542260154135,-2.82765619177938,0.3037639329624841,-0.8794668200652714,-1.2849419864269054,1.750326406078574,-0.02803181657642969,-0.2400540684628737,-0.011235186509355233,0.027872791406604924,-0.31608565409574835,599.9999999999997,130.59258631330948
40.0,500.0,0.015,0.0,26.52,58.5,9.0,0,11.25,50.0,2.0,-1.5504542260154135,-2.82765619177938,0.3037639329624841,-0.8794668200652714,-1.2849419864269054,1.750326406078574,-0.02803181657642969,-0.2400540684628737,-0.011235186509355233,0.027872791406604924,-0.31608565409574835,599.9999999999997,130.59258631330948
40.0,500.0,0.02,0.0,26.52,58.5,9.0,0,11.25,50.0,2.0,-1.5504542260154135,-2.82765619177938,0.3037639329624841,-0.8794668200652714,-1.2849419864269054,1.750326406078574,-0.02803181657642969,-0.2400540684628737,-0.011235186509355233,0.027872791406604924,-0.31608565409574835,519.9999999999998,130.59258631330948
40.0,500.0,0.01,0.0,26.52,58.5,9.0,0,11.25,50.0,2.0,-1.5504542260154135,-2.82765619177938,0.3037639329624841,-0.8794668200652714,-1.2849419864269054,1.750326406078574,-0.02803181657642969,-0.2400540684628737,-0.011235186509355233,0.027872791406604924,-0.31608565409574835,459.9999999999998,130.59258631330948
40.0,500.0,0.015,0.0,26.52,58.5,9.0,0,11.25,60.0,2.0,-1.5504542260154135,-2.82765619177938,0.3037639329624841,-0.8794668200652714,-1.2849419864269054,1.750326406078574,-0.02803181657642969,-0.2400540684628737,-0.011235186509355233,0.027872791406604924,-0.31608565409574835,700.0000000000001,131.6038044454519
40.0,500.0,0.015,0.0,26.52,58.5,9.0,0,11.25,70.0,2.0,-1.5504542260154135,-2.82765619177938,0.3037639329624841,-0.8794668200652714,-1.2849419864269054,1.750326406078574,-0.02803181657642969,-0.2400540684628737,-0.011235186509355233,0.027872791406604924,-0.31608565409574835,710.0000000000003,139.7215066458476
40.0,500.0,0.015,0.0,26.52,58.5,9.0,0,11.25,75.0,2.0,-1.5504542260154135,-2.82765619177938,0.3037639329624841,-0.8794668200652714,-1.2849419864269054,1.750326406078574,-0.02803181657642969,-0.2400540684628737,-0.011235186509355233,0.027872791406604924,-0.31608565409574835,751.0000000000002,123.27085670191786
40.0,500.0,0.005,0.0,26.52,58.5,9.0,0,11.25,50.0,2.0,-1.5504542260154135,-2.82765619177938,0.3037639329624841,-0.8794668200652714,-1.2849419864269054,1.750326406078574,-0.02803181657642969,-0.2400540684628737,-0.011235186509355233,0.027872791406604924,-0.31608565409574835,350.0000000000004,118.70999105060643
40.0,0.0,0.0,0.0,26.52,58.5,9.0,0,11.25,50.0,2.0,-1.5504542260154135,-2.82765619177938,0.3037639329624841,-0.8794668200652714,-1.2849419864269054,1.750326406078574,-0.02803181657642969,-0.2400540684628737,-0.011235186509355233,0.027872791406604924,-0.31608565409574835,200.00000000000003,113.80271468720672
67.50735806632956,0.0,0.0,0.0,23.57,76.4,9.0,0,182.4,60.0,10.0,-1.5504542260154135,-2.82765619177938,0.3037639329624841,-0.8794668200652714,-1.2849419864269054,1.750326406078574,-0.02803181657642969,-0.2400540684628737,-0.011235186509355233,0.027872791406604924,-0.31608565409574835,599.9999999999997,61.05236754735463
67.50735806632956,0.0,0.0,0.0,23.57,76.4,1.5,0,182.4,60.0,10.0,-1.5504542260154135,-2.82765619177938,0.3037639329624841,-0.8794668200652714,-1.2849419864269054,1.750326406078574,-0.02803181657642969,-0.2400540684628737,-0.011235186509355233,0.027872791406604924,-0.31608565409574835,100.0,34.33360780998755
67.50735806632956,0.0,0.0,0.0,23.57,76.4,2.3333,0,182.4,60.0,10.0,-1.5504542260154135,-2.82765619177938,0.3037639329624841,-0.8794668200652714,-1.2849419864269054,1.750326406078574,-0.02803181657642969,-0.2400540684628737,-0.011235186509355233,0.027872791406604924,-0.31608565409574835,200.00000000000003,37.963264621126505
67.50735806632956,0.0,0.0,0.0,23.57,76.4,4.0,0,182.4,60.0,10.0,-1.5504542260154135,-2.82765619177938,0.3037639329624841,-0.8794668200652714,-1.2849419864269054,1.750326406078574,-0.02803181657642969,-0.2400540684628737,-0.011235186509355233,0.027872791406604924,-0.31608565409574835,300.0000000000001,50.235593681849124
67.50735806632956,0.0,0.0,0.0,29.61,40.49,0.25,0,182.4,60.0,10.0,-1.5504542260154135,-2.82765619177938,0.3037639329624841,-0.8794668200652714,-1.2849419864269054,1.750326406078574,-0.02803181657642969,-0.2400540684628737,-0.011235186509355233,0.027872791406604924,-0.31608565409574835,4.0,3.7932446801174033
67.50735806632956,0.0,0.0,0.0,23.57,76.4,0.25,0,182.4,60.0,10.0,-1.5504542260154135,-2.82765619177938,0.3037639329624841,-0.8794668200652714,-1.2849419864269054,1.750326406078574,-0.02803181657642969,-0.2400540684628737,-0.011235186509355233,0.027872791406604924,-0.31608565409574835,2.0,28.891081804357466
67.50735806632956,0.0,0.0,0.0,23.57,76.4,0.4286,0,182.4,60.0,10.0,-1.5504542260154135,-2.82765619177938,0.3037639329624841,-0.8794668200652714,-1.2849419864269054,1.750326406078574,-0.02803181657642969,-0.2400540684628737,-0.011235186509355233,0.027872791406604924,-0.31608565409574835,5.000000000000001,28.502176414627534
67.50735806632956,0.0,0.0,0.0,29.61,40.49,0.6667,0,182.4,60.0,10.0,-1.5504542260154135,-2.82765619177938,0.3037639329624841,-0.8794668200652714,-1.2849419864269054,1.750326406078574,-0.02803181657642969,-0.2400540684628737,-0.011235186509355233,0.027872791406604924,-0.31608565409574835,4.0,3.593361044152663
67.50735806632956,0.0,0.0,0.0,29.61,40.49,1.5,0,182.4,60.0,10.0,-1.5504542260154135,-2.82765619177938,0.3037639329624841,-0.8794668200652714,-1.2849419864269054,1.750326406078574,-0.02803181657642969,-0.2400540684628737,-0.011235186509355233,0.027872791406604924,-0.31608565409574835,7.0,3.8063518145565025
67.50735806632956,0.0,0.0,0.0,29.61,40.49,4.0,0,182.4,60.0,10.0,-1.5504542260154135,-2.82765619177938,0.3037639329624841,-0.8794668200652714,-1.2849419864269054,1.750326406078574,-0.02803181657642969,-0.2400540684628737,-0.011235186509355233,0.027872791406604924,-0.31608565409574835,8.000000000000002,3.1788254486670544
67.50735806632956,0.0,0.0,0.0,26.52,58.5,0.25,0,182.4,60.0,10.0,-1.5504542260154135,-2.82765619177938,0.3037639329624841,-0.8794668200652714,-1.2849419864269054,1.750326406078574,-0.02803181657642969,-0.2400540684628737,-0.011235186509355233,0.027872791406604924,-0.31608565409574835,10.0,7.560557559246188
67.50735806632956,0.0,0.0,0.0,26.52,58.5,0.6667,0,182.4,60.0,10.0,-1.5504542260154135,-2.82765619177938,0.3037639329624841,-0.8794668200652714,-1.2849419864269054,1.750326406078574,-0.02803181657642969,-0.2400540684628737,-0.011235186509355233,0.027872791406604924,-0.31608565409574835,20.000000000000004,8.155000257025046
67.50735806632956,0.0,0.0,0.0,23.57,76.4,0.6667,0,182.4,60.0,10.0,-1.5504542260154135,-2.82765619177938,0.3037639329624841,-0.8794668200652714,-1.2849419864269054,1.750326406078574,-0.02803181657642969,-0.2400540684628737,-0.011235186509355233,0.027872791406604924,-0.31608565409574835,10.0,29.34876526853168
67.50735806632956,0.0,0.0,0.0,23.57,76.4,1.0,0,182.4,60.0,10.0,-1.5504542260154135,-2.82765619177938,0.3037639329624841,-0.8794668200652714,-1.2849419864269054,1.750326406078574,-0.02803181657642969,-0.2400540684628737,-0.011235186509355233,0.027872791406604924,-0.31608565409574835,49.99999999999999,32.2237377094438
67.50735806632956,0.0,0.0,0.0,26.52,58.5,1.5,0,182.4,60.0,10.0,-1.5504542260154135,-2.82765619177938,0.3037639329624841,-0.8794668200652714,-1.2849419864269054,1.750326406078574,-0.02803181657642969,-0.2400540684628737,-0.011235186509355233,0.027872791406604924,-0.31608565409574835,29.999999999999996,8.686582430976577
67.50735806632956,0.0,0.0,0.0,26.52,58.5,4.0,0,182.4,60.0,10.0,-1.5504542260154135,-2.82765619177938,0.3037639329624841,-0.8794668200652714,-1.2849419864269054,1.750326406078574,-0.02803181657642969,-0.2400540684628737,-0.011235186509355233,0.027872791406604924,-0.31608565409574835,49.99999999999999,12.172505296687143
67.50735806632956,0.0,0.0,0.0,29.61,40.49,9.0,0,182.4,60.0,10.0,-1.5504542260154135,-2.82765619177938,0.3037639329624841,-0.8794668200652714,-1.2849419864269054,1.750326406078574,-0.02803181657642969,-0.2400540684628737,-0.011235186509355233,0.027872791406604924,-0.31608565409574835,10.0,4.98344228352404
40.0,0.0,0.0,0.06,21.37,57.25,4.0,0,34.23,30.0,6.6,-1.5504542260154135,-2.82765619177938,0.3037639329624841,-0.8794668200652714,-1.2849419864269054,1.750326406078574,-0.02803181657642969,-0.2400540684628737,-0.011235186509355233,0.027872791406604924,-0.31608565409574835,472.0000000000002,16.85087149318031
40.0,0.0,0.0,0.06,21.37,57.25,9.0,0,34.23,30.0,6.6,-1.5504542260154135,-2.82765619177938,0.3037639329624841,-0.8794668200652714,-1.2849419864269054,1.750326406078574,-0.02803181657642969,-0.2400540684628737,-0.011235186509355233,0.027872791406604924,-0.31608565409574835,1101.9999999999998,37.36435863077228
40.0,0.0,0.0,0.06,21.37,57.25,1.0,0,34.23,30.0,6.6,-1.5504542260154135,-2.82765619177938,0.3037639329624841,-0.8794668200652714,-1.2849419864269054,1.750326406078574,-0.02803181657642969,-0.2400540684628737,-0.011235186509355233,0.027872791406604924,-0.31608565409574835,62.0,8.860057670864094
40.0,0.0,0.0,0.06,21.37,57.25,1.5,0,34.23,30.0,6.6,-1.5504542260154135,-2.82765619177938,0.3037639329624841,-0.8794668200652714,-1.2849419864269054,1.750326406078574,-0.02803181657642969,-0.2400540684628737,-0.011235186509355233,0.027872791406604924,-0.31608565409574835,106.00000000000004,8.836608787832922
40.0,0.0,0.0,0.06,21.37,57.25,2.3333,0,34.23,30.0,6.6,-1.5504542260154135,-2.82765619177938,0.3037639329624841,-0.8794668200652714,-1.2849419864269054,1.750326406078574,-0.02803181657642969,-0.2400540684628737,-0.011235186509355233,0.027872791406604924,-0.31608565409574835,231.00000000000009,16.96493431066862
67.50735806632956,0.0,0.0,0.0,23.57,76.4,10.1111,0,13.9,70.0,6.66,-1.4145991681817374,-2.930543525726491,0.14705796495692228,-0.4669759036394769,-0.8990841822678226,1.4084138143003206,-0.3101507082179316,0.4731050507163745,-0.02067765143822317,0.08313107296292402,0.4077173398669636,495.00000000000017,20.750924886864855
25.0,0.0,0.0,0.0,19.95,74.08,1.0,0,13.8,40.0,0.006,-1.4422182212502181,-2.964014589830695,0.21073252039153992,-0.5454510914979303,-1.0879552972317104,1.2190047243995477,0.006355212519895634,0.4611490673985819,-0.003002765112294997,0.10208497508977268,0.30978177648785704,784.0,10.672493725256444
25.0,0.0,0.0,0.0,27.6,37.8,1.0,0,13.8,40.0,0.006,-1.4422182212502181,-2.964014589830695,0.21073252039153992,-0.5454510914979303,-1.0879552972317104,1.2190047243995477,0.006355212519895634,0.4611490673985819,-0.003002765112294997,0.10208497508977268,0.30978177648785704,67.0,9.72975681565193
25.0,0.0,0.0,0.0,21.37,57.25,2.3333,0,13.8,40.0,0.006,-1.4422182212502181,-2.964014589830695,0.21073252039153992,-0.5454510914979303,-1.0879552972317104,1.2190047243995477,0.006355212519895634,0.4611490673985819,-0.003002765112294997,0.10208497508977268,0.30978177648785704,79.99999999999999,9.59256071834545
25.0,0.0,0.0,0.0,21.37,57.25,9.0,0,13.8,40.0,0.006,-1.4422182212502181,-2.964014589830695,0.21073252039153992,-0.5454510914979303,-1.0879552972317104,1.2190047243995477,0.006355212519895634,0.4611490673985819,-0.003002765112294997,0.10208497508977268,0.30978177648785704,179.99999999999997,14.396203466171023
25.0,0.0,0.0,0.0,27.6,37.8,9.0,0,13.8,40.0,0.006,-1.4422182212502181,-2.964014589830695,0.21073252039153992,-0.5454510914979303,-1.0879552972317104,1.2190047243995477,0.006355212519895634,0.4611490673985819,-0.003002765112294997,0.10208497508977268,0.30978177648785704,156.0,15.209627686492789
25.0,0.0,0.0,0.0,19.95,74.08,9.0,0,13.8,40.0,0.006,-1.4422182212502181,-2.964014589830695,0.21073252039153992,-0.5454510914979303,-1.0879552972317104,1.2190047243995477,0.006355212519895634,0.4611490673985819,-0.003002765112294997,0.10208497508977268,0.30978177648785704,124.99999999999982,30.78590385427501
25.0,0.0,0.0,0.0,27.6,37.8,0.1111,0,13.8,40.0,0.006,-1.4422182212502181,-2.964014589830695,0.21073252039153992,-0.5454510914979303,-1.0879552972317104,1.2190047243995477,0.006355212519895634,0.4611490673985819,-0.003002765112294997,0.10208497508977268,0.30978177648785704,5.000000000000001,8.9955718505301
25.0,0.0,0.0,0.0,19.95,74.08,0.1111,0,13.8,40.0,0.006,-1.4422182212502181,-2.964014589830695,0.21073252039153992,-0.5454510914979303,-1.0879552972317104,1.2190047243995477,0.006355212519895634,0.4611490673985819,-0.003002765112294997,0.10208497508977268,0.30978177648785704,23.999999999999993,10.993815113239393
25.0,0.0,0.0,0.0,21.37,57.25,0.1111,0,13.8,40.0,0.006,-1.4422182212502181,-2.964014589830695,0.21073252039153992,-0.5454510914979303,-1.0879552972317104,1.2190047243995477,0.006355212519895634,0.4611490673985819,-0.003002765112294997,0.10208497508977268,0.30978177648785704,10.0,8.753671369728865
25.0,0.0,0.0,0.0,21.37,57.25,0.4286,0,13.8,40.0,0.006,-1.4422182212502181,-2.964014589830695,0.21073252039153992,-0.5454510914979303,-1.0879552972317104,1.2190047243995477,0.006355212519895634,0.4611490673985819,-0.003002765112294997,0.10208497508977268,0.30978177648785704,20.000000000000004,8.037128775383167
25.0,0.0,0.0,0.0,21.37,57.25,1.0,0,13.8,40.0,0.006,-1.4422182212502181,-2.964014589830695,0.21073252039153992,-0.5454510914979303,-1.0879552972317104,1.2190047243995477,0.006355212519895634,0.4611490673985819,-0.003002765112294997,0.10208497508977268,0.30978177648785704,49.99999999999999,7.530296375380862
25.0,0.0,0.0,0.0,21.37,57.25,49.0,0,15.0,30.0,6.66,-2.4119727210661193,4.336363233712032,-2.630763388061111,-1.1557345055158255,1.696060668998502,0.29644259501866305,-0.1288682548395662,0.06611716981515647,0.14138966608243841,0.034230801246949716,-0.013228326371331395,1101.9999999999998,140.3250096884664
25.0,0.0,0.0,0.0,21.37,57.25,49.0,0,15.0,50.0,6.66,-2.4119727210661193,4.336363233712032,-2.630763388061111,-1.1557345055158255,1.696060668998502,0.29644259501866305,-0.1288682548395662,0.06611716981515647,0.14138966608243841,0.034230801246949716,-0.013228326371331395,1371.9999999999998,155.90837569866517
0.2,0.0,0.0,0.0,26.52,58.5,9.0,0,25.6,36.0,3.0,-2.4119727210661193,4.336363233712032,-2.630763388061111,-1.1557345055158255,1.696060668998502,0.29644259501866305,-0.1288682548395662,0.06611716981515647,0.14138966608243841,0.034230801246949716,-0.013228326371331395,679.9999999999998,385.2237704597558
0.2,0.0,0.0,0.0,29.61,40.49,9.0,0,25.6,76.0,3.0,-2.4119727210661193,4.336363233712032,-2.630763388061111,-1.1557345055158255,1.696060668998502,0.29644259501866305,-0.1288682548395662,0.06611716981515647,0.14138966608243841,0.034230801246949716,-0.013228326371331395,652.9999999999999,150.54673632727747
1.7,129.8,0.04,0.0,26.52,58.5,9.0,0,25.6,40.0,3.0,-2.4119727210661193,4.336363233712032,-2.630763388061111,-1.1557345055158255,1.696060668998502,0.29644259501866305,-0.1288682548395662,0.06611716981515647,0.14138966608243841,0.034230801246949716,-0.013228326371331395,639.9999999999999,408.60090283973244
1.7,129.8,0.06,0.0,26.52,58.5,9.0,0,25.6,40.0,3.0,-2.4119727210661193,4.336363233712032,-2.630763388061111,-1.1557345055158255,1.696060668998502,0.29644259501866305,-0.1288682548395662,0.06611716981515647,0.14138966608243841,0.034230801246949716,-0.013228326371331395,620.0,551.7542702012
1.7,129.8,0.02,0.0,26.52,58.5,9.0,0,25.6,40.0,3.0,-2.4119727210661193,4.336363233712032,-2.630763388061111,-1.1557345055158255,1.696060668998502,0.29644259501866305,-0.1288682548395662,0.06611716981515647,0.14138966608243841,0.034230801246949716,-0.013228326371331395,599.9999999999997,474.0107017212954
1.6,0.0,0.0,0.0,26.52,58.5,9.0,0,25.6,40.0,3.0,-2.4119727210661193,4.336363233712032,-2.630763388061111,-1.1557345055158255,1.696060668998502,0.29644259501866305,-0.1288682548395662,0.06611716981515647,0.14138966608243841,0.034230801246949716,-0.013228326371331395,599.9999999999997,443.4297829956553
1.7,129.8,0.08,0.0,26.52,58.5,9.0,0,25.6,40.0,3.0,-2.4119727210661193,4.336363233712032,-2.630763388061111,-1.1557345055158255,1.696060668998502,0.29644259501866305,-0.1288682548395662,0.06611716981515647,0.14138966608243841,0.034230801246949716,-0.013228326371331395,599.9999999999997,609.8759069318347
1.6,0.0,0.0,0.0,26.52,58.5,9.0,0,25.6,40.0,3.0,-2.4119727210661193,4.336363233712032,-2.630763388061111,-1.1557345055158255,1.696060668998502,0.29644259501866305,-0.1288682548395662,0.06611716981515647,0.14138966608243841,0.034230801246949716,-0.013228326371331395,580.0000000000001,443.4297829956553
1.7,129.8,0.1,0.0,26.52,58.5,9.0,0,25.6,40.0,3.0,-2.4119727210661193,4.336363233712032,-2.630763388061111,-1.1557345055158255,1.696060668998502,0.29644259501866305,-0.1288682548395662,0.06611716981515647,0.14138966608243841,0.034230801246949716,-0.013228326371331395,499.99999999999994,613.016601819309
40.0,10.0,0.06,0.0,26.52,58.5,15.6667,0,28.0,80.0,5.0,-3.5657985283319285,9.9737850689854,3.513700708658526,2.0000789122992573,-2.7384160704308265,-0.27721280025928974,0.1553640094833438,0.006051915134351327,-0.131855878092767,-0.009910715693244199,-0.004706061241802284,431.9700000000002,143.75871953251283
40.0,10.0,0.06,0.0,26.52,58.5,24.0,0,28.0,80.0,5.0,-3.5657985283319285,9.9737850689854,3.513700708658526,2.0000789122992573,-2.7384160704308265,-0.27721280025928974,0.1553640094833438,0.006051915134351327,-0.131855878092767,-0.009910715693244199,-0.004706061241802284,500.82000000000016,236.32750832844889
40.0,10.0,0.06,0.0,26.52,58.5,49.0,0,28.0,80.0,5.0,-3.5657985283319285,9.9737850689854,3.513700708658526,2.0000789122992573,-2.7384160704308265,-0.27721280025928974,0.1553640094833438,0.006051915134351327,-0.131855878092767,-0.009910715693244199,-0.004706061241802284,677.8700000000002,253.34245571490936
40.0,10.0,0.06,0.0,26.52,58.5,5.6667,0,28.0,80.0,5.0,-3.5657985283319285,9.9737850689854,3.513700708658526,2.0000789122992573,-2.7384160704308265,-0.27721280025928974,0.1553640094833438,0.006051915134351327,-0.131855878092767,-0.009910715693244199,-0.004706061241802284,100.0,118.45964864104353
40.0,10.0,0.06,0.0,26.52,58.5,9.0,0,28.0,50.0,5.0,-3.5657985283319285,9.9737850689854,3.513700708658526,2.0000789122992573,-2.7384160704308265,-0.27721280025928974,0.1553640094833438,0.006051915134351327,-0.131855878092767,-0.009910715693244199,-0.004706061241802284,360.0000000000004,100.42144173869208
40.0,10.0,0.06,0.0,26.52,58.5,9.0,0,28.0,60.0,5.0,-3.5657985283319285,9.9737850689854,3.513700708658526,2.0000789122992573,-2.7384160704308265,-0.27721280025928974,0.1553640094833438,0.006051915134351327,-0.131855878092767,-0.009910715693244199,-0.004706061241802284,309.99999999999994,108.17396038728357
40.0,10.0,0.06,0.0,26.52,58.5,9.0,0,28.0,70.0,5.0,-3.5657985283319285,9.9737850689854,3.513700708658526,2.0000789122992573,-2.7384160704308265,-0.27721280025928974,0.1553640094833438,0.006051915134351327,-0.131855878092767,-0.009910715693244199,-0.004706061241802284,280.0000000000001,124.62060423424562
40.0,10.0,0.08,0.0,26.52,58.5,9.0,0,28.0,80.0,5.0,-3.5657985283319285,9.9737850689854,3.513700708658526,2.0000789122992573,-2.7384160704308265,-0.27721280025928974,0.1553640094833438,0.006051915134351327,-0.131855878092767,-0.009910715693244199,-0.004706061241802284,219.99999999999997,137.35068956251865
40.0,10.0,0.06,0.0,26.52,58.5,9.0,0,28.0,80.0,5.0,-3.5657985283319285,9.9737850689854,3.513700708658526,2.0000789122992573,-2.7384160704308265,-0.27721280025928974,0.1553640094833438,0.006051915134351327,-0.131855878092767,-0.009910715693244199,-0.004706061241802284,200.00000000000003,126.5047186588117
40.0,10.0,0.06,0.0,26.52,58.5,9.0,0,28.0,80.0,5.0,-3.5657985283319285,9.9737850689854,3.513700708658526,2.0000789122992573,-2.7384160704308265,-0.27721280025928974,0.1553640094833438,0.006051915134351327,-0.131855878092767,-0.009910715693244199,-0.004706061241802284,200.00000000000003,126.5047186588117
40.0,10.0,0.06,0.0,26.52,58.5,9.0,0,28.0,80.0,5.0,-3.5657985283319285,9.9737850689854,3.513700708658526,2.0000789122992573,-2.7384160704308265,-0.27721280025928974,0.1553640094833438,0.006051915134351327,-0.131855878092767,-0.009910715693244199,-0.004706061241802284,193.44000000000003,126.5047186588117
40.0,0.0,0.0,0.0,26.52,58.5,9.0,0,28.0,80.0,5.0,-3.5657985283319285,9.9737850689854,3.513700708658526,2.0000789122992573,-2.7384160704308265,-0.27721280025928974,0.1553640094833438,0.006051915134351327,-0.131855878092767,-0.009910715693244199,-0.004706061241802284,152.23,94.13339812795904
40.0,10.0,0.02,0.0,26.52,58.5,9.0,0,28.0,80.0,5.0,-3.5657985283319285,9.9737850689854,3.513700708658526,2.0000789122992573,-2.7384160704308265,-0.27721280025928974,0.1553640094833438,0.006051915134351327,-0.131855878092767,-0.009910715693244199,-0.004706061241802284,109.99999999999997,103.94920435026633
40.0,10.0,0.1,0.0,26.52,58.5,9.0,0,28.0,80.0,5.0,-3.5657985283319285,9.9737850689854,3.513700708658526,2.0000789122992573,-2.7384160704308265,-0.27721280025928974,0.1553640094833438,0.006051915134351327,-0.131855878092767,-0.009910715693244199,-0.004706061241802284,109.99999999999997,140.4150945777411
40.0,10.0,0.04,0.0,26.52,58.5,9.0,0,28.0,80.0,5.0,-3.5657985283319285,9.9737850689854,3.513700708658526,2.0000789122992573,-2.7384160704308265,-0.27721280025928974,0.1553640094833438,0.006051915134351327,-0.131855878092767,-0.009910715693244199,-0.004706061241802284,82.0,82.5327616050928
40.0,10.0,0.06,0.0,26.52,58.5,11.5,0,28.0,80.0,5.0,-3.5657985283319285,9.9737850689854,3.513700708658526,2.0000789122992573,-2.7384160704308265,-0.27721280025928974,0.1553640094833438,0.006051915134351327,-0.131855878092767,-0.009910715693244199,-0.004706061241802284,264.7499999999999,157.59970168732372
50.0,500.0,0.15,0.025,19.76,49.0,5.6667,0,20.0,30.0,0.33,-1.5504542260154135,-2.82765619177938,0.3037639329624841,-0.8794668200652714,-1.2849419864269054,1.750326406078574,-0.02803181657642969,-0.2400540684628737,-0.011235186509355233,0.027872791406604924,-0.31608565409574835,509.0,222.894965096179
50.0,500.0,0.15,0.025,19.76,49.0,9.0,0,20.0,30.0,0.33,-1.5504542260154135,-2.82765619177938,0.3037639329624841,-0.8794668200652714,-1.2849419864269054,1.750326406078574,-0.02803181657642969,-0.2400540684628737,-0.011235186509355233,0.027872791406604924,-0.31608565409574835,1689.0000000000007,473.13883601666964
50.0,500.0,0.1,0.025,19.76,49.0,9.0,0,20.0,30.0,0.33,-1.5504542260154135,-2.82765619177938,0.3037639329624841,-0.8794668200652714,-1.2849419864269054,1.750326406078574,-0.02803181657642969,-0.2400540684628737,-0.011235186509355233,0.027872791406604924,-0.31608565409574835,557.0,615.2158730824458
50.0,500.0,0.15,0.025,19.76,49.0,9.0,0,20.0,40.0,0.33,-1.5504542260154135,-2.82765619177938,0.3037639329624841,-0.8794668200652714,-1.2849419864269054,1.750326406078574,-0.02803181657642969,-0.2400540684628737,-0.011235186509355233,0.027872791406604924,-0.31608565409574835,693.9999999999999,318.0338162605392
50.0,500.0,0.15,0.025,19.76,49.0,3.0,0,20.0,30.0,0.33,-1.5504542260154135,-2.82765619177938,0.3037639329624841,-0.8794668200652714,-1.2849419864269054,1.750326406078574,-0.02803181657642969,-0.2400540684628737,-0.011235186509355233,0.027872791406604924,-0.31608565409574835,83.99999999999999,98.65577971612818
50.0,500.0,0.15,0.025,19.76,49.0,4.0,0,20.0,30.0,0.33,-1.5504542260154135,-2.82765619177938,0.3037639329624841,-0.8794668200652714,-1.2849419864269054,1.750326406078574,-0.02803181657642969,-0.2400540684628737,-0.011235186509355233,0.027872791406604924,-0.31608565409574835,146.99999999999997,116.3849716861173
50.0,500.0,0.1,0.025,19.76,49.0,4.0,0,20.0,30.0,0.33,-1.5504542260154135,-2.82765619177938,0.3037639329624841,-0.8794668200652714,-1.2849419864269054,1.750326406078574,-0.02803181657642969,-0.2400540684628737,-0.011235186509355233,0.027872791406604924,-0.31608565409574835,83.00000000000001,143.10417534603982
50.0,500.0,0.1,0.025,19.76,49.0,5.6667,0,20.0,30.0,0.33,-1.5504542260154135,-2.82765619177938,0.3037639329624841,-0.8794668200652714,-1.2849419864269054,1.750326406078574,-0.02803181657642969,-0.2400540684628737,-0.011235186509355233,0.027872791406604924,-0.31608565409574835,143.00000000000003,274.06631377543886
50.0,500.0,0.05,0.025,19.76,49.0,5.6667,0,20.0,30.0,0.33,-1.5504542260154135,-2.82765619177938,0.3037639329624841,-0.8794668200652714,-1.2849419864269054,1.750326406078574,-0.02803181657642969,-0.2400540684628737,-0.011235186509355233,0.027872791406604924,-0.31608565409574835,107.00000000000001,97.3696461660832
50.0,500.0,0.05,0.025,19.76,49.0,9.0,0,20.0,30.0,0.33,-1.5504542260154135,-2.82765619177938,0.3037639329624841,-0.8794668200652714,-1.2849419864269054,1.750326406078574,-0.02803181657642969,-0.2400540684628737,-0.011235186509355233,0.027872791406604924,-0.31608565409574835,230.00000000000009,223.0312157957302
50.0,500.0,0.1,0.025,19.76,49.0,9.0,0,20.0,40.0,0.33,-1.5504542260154135,-2.82765619177938,0.3037639329624841,-0.8794668200652714,-1.2849419864269054,1.750326406078574,-0.02803181657642969,-0.2400540684628737,-0.011235186509355233,0.027872791406604924,-0.31608565409574835,232.99999999999994,412.86997023167515
50.0,500.0,0.05,0.025,19.76,49.0,9.0,0,20.0,40.0,0.33,-1.5504542260154135,-2.82765619177938,0.3037639329624841,-0.8794668200652714,-1.2849419864269054,1.750326406078574,-0.02803181657642969,-0.2400540684628737,-0.011235186509355233,0.027872791406604924,-0.31608565409574835,191.00000000000026,149.57577699900045
50.0,500.0,0.15,0.025,19.76,49.0,9.0,0,20.0,50.0,0.33,-1.5504542260154135,-2.82765619177938,0.3037639329624841,-0.8794668200652714,-1.2849419864269054,1.750326406078574,-0.02803181657642969,-0.2400540684628737,-0.011235186509355233,0.027872791406604924,-0.31608565409574835,310.99999999999966,160.34562936214962
50.0,500.0,0.1,0.025,19.76,49.0,9.0,0,20.0,50.0,0.33,-1.5504542260154135,-2.82765619177938,0.3037639329624841,-0.8794668200652714,-1.2849419864269054,1.750326406078574,-0.02803181657642969,-0.2400540684628737,-0.011235186509355233,0.027872791406604924,-0.31608565409574835,154.0,208.1599246266822
50.0,500.0,0.05,0.025,19.76,49.0,9.0,0,20.0,50.0,0.33,-1.5504542260154135,-2.82765619177938,0.3037639329624841,-0.8794668200652714,-1.2849419864269054,1.750326406078574,-0.02803181657642969,-0.2400540684628737,-0.011235186509355233,0.027872791406604924,-0.31608565409574835,135.0,75.01396619051329
50.0,0.0,0.0,0.025,19.76,49.0,2.3333,0,20.0,30.0,0.33,-1.5504542260154135,-2.82765619177938,0.3037639329624841,-0.8794668200652714,-1.2849419864269054,1.750326406078574,-0.02803181657642969,-0.2400540684628737,-0.011235186509355233,0.027872791406604924,-0.31608565409574835,7.0,8.796185891748053
50.0,500.0,0.15,0.025,19.76,49.0,2.3333,0,20.0,30.0,0.33,-1.5504542260154135,-2.82765619177938,0.3037639329624841,-0.8794668200652714,-1.2849419864269054,1.750326406078574,-0.02803181657642969,-0.2400540684628737,-0.011235186509355233,0.027872791406604924,-0.31608565409574835,51.000000000000014,54.28545336734709
50.0,500.0,0.1,0.025,19.76,49.0,2.3333,0,20.0,30.0,0.33,-1.5504542260154135,-2.82765619177938,0.3037639329624841,-0.8794668200652714,-1.2849419864269054,1.750326406078574,-0.02803181657642969,-0.2400540684628737,-0.011235186509355233,0.027872791406604924,-0.31608565409574835,24.999999999999993,64.7989712289354
50.0,500.0,0.05,0.025,19.76,49.0,2.3333,0,20.0,30.0,0.33,-1.5504542260154135,-2.82765619177938,0.3037639329624841,-0.8794668200652714,-1.2849419864269054,1.750326406078574,-0.02803181657642969,-0.2400540684628737,-0.011235186509355233,0.027872791406604924,-0.31608565409574835,20.000000000000004,28.780637252761807
50.0,500.0,0.1,0.025,19.76,49.0,3.0,0,20.0,30.0,0.33,-1.5504542260154135,-2.82765619177938,0.3037639329624841,-0.8794668200652714,-1.2849419864269054,1.750326406078574,-0.02803181657642969,-0.2400540684628737,-0.011235186509355233,0.027872791406604924,-0.31608565409574835,44.99999999999998,117.7625429069155
50.0,500.0,0.05,0.025,19.76,49.0,3.0,0,20.0,30.0,0.33,-1.5504542260154135,-2.82765619177938,0.3037639329624841,-0.8794668200652714,-1.2849419864269054,1.750326406078574,-0.02803181657642969,-0.2400540684628737,-0.011235186509355233,0.027872791406604924,-0.31608565409574835,27.000000000000004,43.941172596467105
50.0,0.0,0.0,0.025,19.76,49.0,3.0,0,20.0,30.0,0.33,-1.5504542260154135,-2.82765619177938,0.3037639329624841,-0.8794668200652714,-1.2849419864269054,1.750326406078574,-0.02803181657642969,-0.2400540684628737,-0.011235186509355233,0.027872791406604924,-0.31608565409574835,8.999999999999998,12.922967613279747
50.0,500.0,0.05,0.025,19.76,49.0,4.0,0,20.0,30.0,0.33,-1.5504542260154135,-2.82765619177938,0.3037639329624841,-0.8794668200652714,-1.2849419864269054,1.750326406078574,-0.02803181657642969,-0.2400540684628737,-0.011235186509355233,0.027872791406604924,-0.31608565409574835,47.99999999999999,53.39698950901448
50.0,0.0,0.0,0.025,19.76,49.0,4.0,0,20.0,30.0,0.33,-1.5504542260154135,-2.82765619177938,0.3037639329624841,-0.8794668200652714,-1.2849419864269054,1.750326406078574,-0.02803181657642969,-0.2400540684628737,-0.011235186509355233,0.027872791406604924,-0.31608565409574835,12.000000000000002,13.258356952453163
50.0,0.0,0.0,0.025,19.76,49.0,5.6667,0,20.0,30.0,0.33,-1.5504542260154135,-2.82765619177938,0.3037639329624841,-0.8794668200652714,-1.2849419864269054,1.750326406078574,-0.02803181657642969,-0.2400540684628737,-0.011235186509355233,0.027872791406604924,-0.31608565409574835,32.00000000000001,19.667160004689734
50.0,0.0,0.0,0.025,19.76,49.0,9.0,0,20.0,30.0,0.33,-1.5504542260154135,-2.82765619177938,0.3037639329624841,-0.8794668200652714,-1.2849419864269054,1.750326406078574,-0.02803181657642969,-0.2400540684628737,-0.011235186509355233,0.027872791406604924,-0.31608565409574835,59.00000000000001,29.94702851556622
50.0,0.0,0.0,0.025,19.76,49.0,9.0,0,20.0,40.0,0.33,-1.5504542260154135,-2.82765619177938,0.3037639329624841,-0.8794668200652714,-1.2849419864269054,1.750326406078574,-0.02803181657642969,-0.2400540684628737,-0.011235186509355233,0.027872791406604924,-0.31608565409574835,36.0,32.72966886721516
50.0,0.0,0.0,0.025,19.76,49.0,9.0,0,20.0,50.0,0.33,-1.5504542260154135,-2.82765619177938,0.3037639329624841,-0.8794668200652714,-1.2849419864269054,1.750326406078574,-0.02803181657642969,-0.2400540684628737,-0.011235186509355233,0.027872791406604924,-0.31608565409574835,20.000000000000004,20.210706995425188
15.0,0.0,0.0,0.0012,32.95,186.0,0.25,0,25.6,70.0,6.7,-1.5504542260154135,-2.82765619177938,0.3037639329624841,-0.8794668200652714,-1.2849419864269054,1.750326406078574,-0.02803181657642969,-0.2400540684628737,-0.011235186509355233,0.027872791406604924,-0.31608565409574835,5495.327103000007,43.6041517312408
15.0,0.0,0.0,0.0012,32.95,186.0,4.0,0,25.6,30.0,6.7,-1.5504542260154135,-2.82765619177938,0.3037639329624841,-0.8794668200652714,-1.2849419864269054,1.750326406078574,-0.02803181657642969,-0.2400540684628737,-0.011235186509355233,0.027872791406604924,-0.31608565409574835,10590.999999999996,348.4630637270859
15.0,0.0,0.0,0.0012,32.95,186.0,4.0,0,25.6,40.0,6.7,-1.5504542260154135,-2.82765619177938,0.3037639329624841,-0.8794668200652714,-1.2849419864269054,1.750326406078574,-0.02803181657642969,-0.2400540684628737,-0.011235186509355233,0.027872791406604924,-0.31608565409574835,7366.0,472.2189794268129
15.0,0.0,0.0,0.0012,32.95,186.0,0.6667,0,25.6,70.0,6.7,-1.5504542260154135,-2.82765619177938,0.3037639329624841,-0.8794668200652714,-1.2849419864269054,1.750326406078574,-0.02803181657642969,-0.2400540684628737,-0.011235186509355233,0.027872791406604924,-0.31608565409574835,2242.990654000001,61.39845089974214
15.0,0.0,0.0,0.0012,32.95,186.0,1.5,0,25.6,70.0,6.7,-1.5504542260154135,-2.82765619177938,0.3037639329624841,-0.8794668200652714,-1.2849419864269054,1.750326406078574,-0.02803181657642969,-0.2400540684628737,-0.011235186509355233,0.027872791406604924,-0.31608565409574835,2551.401869000001,74.77757158574542
15.0,0.0,0.0,0.0012,32.95,186.0,4.0,0,25.6,50.0,6.7,-1.5504542260154135,-2.82765619177938,0.3037639329624841,-0.8794668200652714,-1.2849419864269054,1.750326406078574,-0.02803181657642969,-0.2400540684628737,-0.011235186509355233,0.027872791406604924,-0.31608565409574835,1326.0000000000005,465.57149228583705
15.0,0.0,0.0,0.0012,32.95,186.0,4.0,0,25.6,60.0,6.7,-1.5504542260154135,-2.82765619177938,0.3037639329624841,-0.8794668200652714,-1.2849419864269054,1.750326406078574,-0.02803181657642969,-0.2400540684628737,-0.011235186509355233,0.027872791406604924,-0.31608565409574835,1075.0,308.1835338775126
15.0,0.0,0.0,0.0012,32.95,186.0,4.0,0,25.6,70.0,6.7,-1.5504542260154135,-2.82765619177938,0.3037639329624841,-0.8794668200652714,-1.2849419864269054,1.750326406078574,-0.02803181657642969,-0.2400540684628737,-0.011235186509355233,0.027872791406604924,-0.31608565409574835,925.2336449999999,193.76851142453094
15.0,0.0,0.0,0.0012,32.95,186.0,4.0,0,25.6,70.0,6.7,-1.5504542260154135,-2.82765619177938,0.3037639329624841,-0.8794668200652714,-1.2849419864269054,1.750326406078574,-0.02803181657642969,-0.2400540684628737,-0.011235186509355233,0.027872791406604924,-0.31608565409574835,784.0,193.76851142453094
15.0,0.0,0.0,0.0012,32.95,186.0,4.0,0,25.6,80.0,6.7,-1.5504542260154135,-2.82765619177938,0.3037639329624841,-0.8794668200652714,-1.2849419864269054,1.750326406078574,-0.02803181657642969,-0.2400540684628737,-0.011235186509355233,0.027872791406604924,-0.31608565409574835,499.99999999999994,270.4413777515227
15.0,0.0,0.0,0.0012,32.95,186.0,9.0,0,25.6,70.0,6.7,-1.5504542260154135,-2.82765619177938,0.3037639329624841,-0.8794668200652714,-1.2849419864269054,1.750326406078574,-0.02803181657642969,-0.2400540684628737,-0.011235186509355233,0.027872791406604924,-0.31608565409574835,841.1214950000002,103.44855016330344
30.0,0.0,0.0,0.01,23.57,76.4,9.0,0,32.4,30.0,13.33,-2.4119727210661193,4.336363233712032,-2.630763388061111,-1.1557345055158255,1.696060668998502,0.29644259501866305,-0.1288682548395662,0.06611716981515647,0.14138966608243841,0.034230801246949716,-0.013228326371331395,3591.0000000000005,362.11325584022944
30.0,0.0,0.0,0.01,23.57,76.4,4.0,0,32.4,30.0,13.33,-2.4119727210661193,4.336363233712032,-2.630763388061111,-1.1557345055158255,1.696060668998502,0.29644259501866305,-0.1288682548395662,0.06611716981515647,0.14138966608243841,0.034230801246949716,-0.013228326371331395,96.0,113.05926614366027
30.0,0.0,0.0,0.01,23.57,76.4,1.0,0,32.4,30.0,13.33,-2.4119727210661193,4.336363233712032,-2.630763388061111,-1.1557345055158255,1.696060668998502,0.29644259501866305,-0.1288682548395662,0.06611716981515647,0.14138966608243841,0.034230801246949716,-0.013228326371331395,14.400000000000004,17.98057994917939
30.0,0.0,0.0,0.01,23.57,76.4,1.5,0,32.4,30.0,13.33,-2.4119727210661193,4.336363233712032,-2.630763388061111,-1.1557345055158255,1.696060668998502,0.29644259501866305,-0.1288682548395662,0.06611716981515647,0.14138966608243841,0.034230801246949716,-0.013228326371331395,28.5,24.232115474857668
30.0,0.0,0.0,0.01,23.57,76.4,2.3333,0,32.4,30.0,13.33,-2.4119727210661193,4.336363233712032,-2.630763388061111,-1.1557345055158255,1.696060668998502,0.29644259501866305,-0.1288682548395662,0.06611716981515647,0.14138966608243841,0.034230801246949716,-0.013228326371331395,49.49999999999999,59.95506339005655
67.50735806632956,0.0,0.0,0.0,23.58,80.0,9.0,0,162.0,70.0,20.0,-1.5504542260154135,-2.82765619177938,0.3037639329624841,-0.8794668200652714,-1.2849419864269054,1.750326406078574,-0.02803181657642969,-0.2400540684628737,-0.011235186509355233,0.027872791406604924,-0.31608565409574835,3000.000000000001,66.19871222915887
67.50735806632956,0.0,0.0,0.0,23.58,80.0,19.0,0,162.0,70.0,20.0,-1.5504542260154135,-2.82765619177938,0.3037639329624841,-0.8794668200652714,-1.2849419864269054,1.750326406078574,-0.02803181657642969,-0.2400540684628737,-0.011235186509355233,0.027872791406604924,-0.31608565409574835,8000.000000000012,164.47515709936854
67.50735806632956,0.0,0.0,0.0,23.58,80.0,4.0,0,162.0,70.0,20.0,-1.5504542260154135,-2.82765619177938,0.3037639329624841,-0.8794668200652714,-1.2849419864269054,1.750326406078574,-0.02803181657642969,-0.2400540684628737,-0.011235186509355233,0.027872791406604924,-0.31608565409574835,499.99999999999994,103.89523390947134
67.50735806632956,0.0,0.0,0.0,23.58,80.0,5.6667,0,162.0,70.0,20.0,-1.5504542260154135,-2.82765619177938,0.3037639329624841,-0.8794668200652714,-1.2849419864269054,1.750326406078574,-0.02803181657642969,-0.2400540684628737,-0.011235186509355233,0.027872791406604924,-0.31608565409574835,1000.0,78.19147569478471
67.50735806632956,0.0,0.0,0.0,23.58,80.0,9.0,0,162.0,60.0,20.0,-1.5504542260154135,-2.82765619177938,0.3037639329624841,-0.8794668200652714,-1.2849419864269054,1.750326406078574,-0.02803181657642969,-0.2400540684628737,-0.011235186509355233,0.027872791406604924,-0.31608565409574835,2499.999999999997,63.150112783645746
67.50735806632956,0.0,0.0,0.0,23.58,80.0,9.0,0,162.0,65.0,20.0,-1.5504542260154135,-2.82765619177938,0.3037639329624841,-0.8794668200652714,-1.2849419864269054,1.750326406078574,-0.02803181657642969,-0.2400540684628737,-0.011235186509355233,0.027872791406604924,-0.31608565409574835,1799.9999999999998,57.246370193175935
67.50735806632956,0.0,0.0,0.0,23.58,80.0,9.0,0,162.0,70.0,20.0,-1.5504542260154135,-2.82765619177938,0.3037639329624841,-0.8794668200652714,-1.2849419864269054,1.750326406078574,-0.02803181657642969,-0.2400540684628737,-0.011235186509355233,0.027872791406604924,-0.31608565409574835,1500.0000000000005,66.19871222915887
67.50735806632956,0.0,0.0,0.0,23.58,80.0,9.0,0,162.0,75.0,20.0,-1.5504542260154135,-2.82765619177938,0.3037639329624841,-0.8794668200652714,-1.2849419864269054,1.750326406078574,-0.02803181657642969,-0.2400540684628737,-0.011235186509355233,0.027872791406604924,-0.31608565409574835,1400.0000000000005,60.85460918484006
67.50735806632956,0.0,0.0,0.0,23.58,80.0,9.0,0,162.0,80.0,20.0,-1.5504542260154135,-2.82765619177938,0.3037639329624841,-0.8794668200652714,-1.2849419864269054,1.750326406078574,-0.02803181657642969,-0.2400540684628737,-0.011235186509355233,0.027872791406604924,-0.31608565409574835,1199.9999999999995,98.08036139656761
67.50735806632956,0.0,0.0,0.0,23.58,80.0,9.0,0,162.0,85.0,20.0,-1.5504542260154135,-2.82765619177938,0.3037639329624841,-0.8794668200652714,-1.2849419864269054,1.750326406078574,-0.02803181657642969,-0.2400540684628737,-0.011235186509355233,0.027872791406604924,-0.31608565409574835,1099.9999999999998,98.08036139656761
18.0,1000.0,0.05,0.5,26.52,58.5,9.0,0,35.181939024390374,25.0,8.09346345609061,-3.5657985283319285,9.9737850689854,3.513700708658526,2.0000789122992573,-2.7384160704308265,-0.27721280025928974,0.1553640094833438,0.006051915134351327,-0.131855878092767,-0.009910715693244199,-0.004706061241802284,2812.0,444.2878609898809
18.0,1000.0,0.06,0.5,26.52,58.5,9.0,0,35.181939024390374,25.0,8.09346345609061,-3.5657985283319285,9.9737850689854,3.513700708658526,2.0000789122992573,-2.7384160704308265,-0.27721280025928974,0.1553640094833438,0.006051915134351327,-0.131855878092767,-0.009910715693244199,-0.004706061241802284,2367.9999999999995,444.55109983215857
18.0,1000.0,0.04,0.5,26.52,58.5,9.0,0,35.181939024390374,25.0,8.09346345609061,-3.5657985283319285,9.9737850689854,3.513700708658526,2.0000789122992573,-2.7384160704308265,-0.27721280025928974,0.1553640094833438,0.006051915134351327,-0.131855878092767,-0.009910715693244199,-0.004706061241802284,991.9999999999995,541.7046649915219
18.0,1000.0,0.035,0.5,26.52,58.5,9.0,0,35.181939024390374,25.0,8.09346345609061,-3.5657985283319285,9.9737850689854,3.513700708658526,2.0000789122992573,-2.7384160704308265,-0.27721280025928974,0.1553640094833438,0.006051915134351327,-0.131855878092767,-0.009910715693244199,-0.004706061241802284,783.0000000000001,541.7046649915219
18.0,1000.0,0.025,0.5,26.52,58.5,9.0,0,35.181939024390374,25.0,8.09346345609061,-3.5657985283319285,9.9737850689854,3.513700708658526,2.0000789122992573,-2.7384160704308265,-0.27721280025928974,0.1553640094833438,0.006051915134351327,-0.131855878092767,-0.009910715693244199,-0.004706061241802284,538.0000000000002,626.3838274791265
18.0,0.0,0.0,0.5,26.52,58.5,9.0,0,35.181939024390374,25.0,8.09346345609061,-3.5657985283319285,9.9737850689854,3.513700708658526,2.0000789122992573,-2.7384160704308265,-0.27721280025928974,0.1553640094833438,0.006051915134351327,-0.131855878092767,-0.009910715693244199,-0.004706061241802284,147.9999999999999,685.8572797871569
5.0,0.0,0.0,0.2,18.15,97.8,39.0,0,23.0,40.0,4.0,-1.5504542260154135,-2.82765619177938,0.3037639329624841,-0.8794668200652714,-1.2849419864269054,1.750326406078574,-0.02803181657642969,-0.2400540684628737,-0.011235186509355233,0.027872791406604924,-0.31608565409574835,4000.000000000001,1131.0642504841128
5.0,0.0,0.0,0.2,18.15,97.8,39.0,0,23.0,50.0,4.0,-1.5504542260154135,-2.82765619177938,0.3037639329624841,-0.8794668200652714,-1.2849419864269054,1.750326406078574,-0.02803181657642969,-0.2400540684628737,-0.011235186509355233,0.027872791406604924,-0.31608565409574835,4000.000000000001,1091.4846016340036
2.0,0.0,0.0,0.2,18.15,97.8,49.0,0,23.0,30.0,4.0,-1.5504542260154135,-2.82765619177938,0.3037639329624841,-0.8794668200652714,-1.2849419864269054,1.750326406078574,-0.02803181657642969,-0.2400540684628737,-0.011235186509355233,0.027872791406604924,-0.31608565409574835,3600.0000000000036,1285.4156547402936
2.0,0.0,0.0,0.2,18.15,97.8,49.0,0,23.0,40.0,4.0,-1.5504542260154135,-2.82765619177938,0.3037639329624841,-0.8794668200652714,-1.2849419864269054,1.750326406078574,-0.02803181657642969,-0.2400540684628737,-0.011235186509355233,0.027872791406604924,-0.31608565409574835,4199.9999999999945,1901.225912786507
2.0,0.0,0.0,0.2,18.15,97.8,49.0,0,23.0,50.0,4.0,-1.5504542260154135,-2.82765619177938,0.3037639329624841,-0.8794668200652714,-1.2849419864269054,1.750326406078574,-0.02803181657642969,-0.2400540684628737,-0.011235186509355233,0.027872791406604924,-0.31608565409574835,4999.9999999999945,1817.6596741887063
5.0,0.0,0.0,0.2,18.15,97.8,65.6667,0,23.0,30.0,4.0,-1.5504542260154135,-2.82765619177938,0.3037639329624841,-0.8794668200652714,-1.2849419864269054,1.750326406078574,-0.02803181657642969,-0.2400540684628737,-0.011235186509355233,0.027872791406604924,-0.31608565409574835,5799.9999999999945,820.0118518967442
5.0,0.0,0.0,0.2,18.15,97.8,65.6667,0,23.0,40.0,4.0,-1.5504542260154135,-2.82765619177938,0.3037639329624841,-0.8794668200652714,-1.2849419864269054,1.750326406078574,-0.02803181657642969,-0.2400540684628737,-0.011235186509355233,0.027872791406604924,-0.31608565409574835,5799.9999999999945,1263.8702283841815
5.0,0.0,0.0,0.2,18.15,97.8,65.6667,0,23.0,50.0,4.0,-1.5504542260154135,-2.82765619177938,0.3037639329624841,-0.8794668200652714,-1.2849419864269054,1.750326406078574,-0.02803181657642969,-0.2400540684628737,-0.011235186509355233,0.027872791406604924,-0.31608565409574835,5799.9999999999945,1267.4908185576094
2.0,0.0,0.0,0.2,18.15,97.8,99.0,0,23.0,30.0,4.0,-1.5504542260154135,-2.82765619177938,0.3037639329624841,-0.8794668200652714,-1.2849419864269054,1.750326406078574,-0.02803181657642969,-0.2400540684628737,-0.011235186509355233,0.027872791406604924,-0.31608565409574835,10000.0,1276.8857011302312
2.0,0.0,0.0,0.2,18.15,97.8,99.0,0,23.0,40.0,4.0,-1.5504542260154135,-2.82765619177938,0.3037639329624841,-0.8794668200652714,-1.2849419864269054,1.750326406078574,-0.02803181657642969,-0.2400540684628737,-0.011235186509355233,0.027872791406604924,-0.31608565409574835,7799.999999999991,1908.983386250294
2.0,0.0,0.0,0.2,18.15,97.8,99.0,0,23.0,50.0,4.0,-1.5504542260154135,-2.82765619177938,0.3037639329624841,-0.8794668200652714,-1.2849419864269054,1.750326406078574,-0.02803181657642969,-0.2400540684628737,-0.011235186509355233,0.027872791406604924,-0.31608565409574835,5999.999999999997,1810.1027432628
5.0,0.0,0.0,0.2,18.15,97.8,39.0,0,23.0,30.0,4.0,-1.5504542260154135,-2.82765619177938,0.3037639329624841,-0.8794668200652714,-1.2849419864269054,1.750326406078574,-0.02803181657642969,-0.2400540684628737,-0.011235186509355233,0.027872791406604924,-0.31608565409574835,1799.9999999999998,759.629911342757
120.0,0.0,0.0,0.035,26.52,58.5,24.0,0,20.0,30.0,0.07,-2.4119727210661193,4.336363233712032,-2.630763388061111,-1.1557345055158255,1.696060668998502,0.29644259501866305,-0.1288682548395662,0.06611716981515647,0.14138966608243841,0.034230801246949716,-0.013228326371331395,3151.5799999999986,51.59961917128317
70.0,0.0,0.0,0.035,26.52,58.5,9.0,0,20.0,30.0,0.07,-2.4119727210661193,4.336363233712032,-2.630763388061111,-1.1557345055158255,1.696060668998502,0.29644259501866305,-0.1288682548395662,0.06611716981515647,0.14138966608243841,0.034230801246949716,-0.013228326371331395,727.4800000000004,51.67259415756041
70.0,0.0,0.0,0.035,26.52,58.5,19.0,0,20.0,30.0,0.07,-2.4119727210661193,4.336363233712032,-2.630763388061111,-1.1557345055158255,1.696060668998502,0.29644259501866305,-0.1288682548395662,0.06611716981515647,0.14138966608243841,0.034230801246949716,-0.013228326371331395,2182.4500000000007,69.4365566414456
90.0,0.0,0.0,0.035,26.52,58.5,24.0,0,20.0,30.0,0.07,-2.4119727210661193,4.336363233712032,-2.630763388061111,-1.1557345055158255,1.696060668998502,0.29644259501866305,-0.1288682548395662,0.06611716981515647,0.14138966608243841,0.034230801246949716,-0.013228326371331395,2330.320000000001,53.664857009289356
70.0,0.0,0.0,0.035,26.52,58.5,24.0,0,20.0,30.0,0.07,-2.4119727210661193,4.336363233712032,-2.630763388061111,-1.1557345055158255,1.696060668998502,0.29644259501866305,-0.1288682548395662,0.06611716981515647,0.14138966608243841,0.034230801246949716,-0.013228326371331395,2156.129999999999,53.35678358248463
70.0,0.0,0.0,0.035,26.52,58.5,24.0,0,20.0,30.0,1.3,-2.4119727210661193,4.336363233712032,-2.630763388061111,-1.1557345055158255,1.696060668998502,0.29644259501866305,-0.1288682548395662,0.06611716981515647,0.14138966608243841,0.034230801246949716,-0.013228326371331395,1400.0000000000005,64.37522632174324
70.0,0.0,0.0,0.035,26.52,58.5,24.0,0,20.0,30.0,3.0,-2.4119727210661193,4.336363233712032,-2.630763388061111,-1.1557345055158255,1.696060668998502,0.29644259501866305,-0.1288682548395662,0.06611716981515647,0.14138966608243841,0.034230801246949716,-0.013228326371331395,1000.0,75.35070352690728
70.0,0.0,0.0,0.035,26.52,58.5,24.0,0,20.0,30.0,6.7,-2.4119727210661193,4.336363233712032,-2.630763388061111,-1.1557345055158255,1.696060668998502,0.29644259501866305,-0.1288682548395662,0.06611716981515647,0.14138966608243841,0.034230801246949716,-0.013228326371331395,760.0000000000008,62.45259316289114
50.0,0.0,0.0,0.035,26.52,58.5,24.0,0,20.0,30.0,0.07,-2.4119727210661193,4.336363233712032,-2.630763388061111,-1.1557345055158255,1.696060668998502,0.29644259501866305,-0.1288682548395662,0.06611716981515647,0.14138966608243841,0.034230801246949716,-0.013228326371331395,669.6400000000003,44.8772612426572
70.0,0.0,0.0,0.035,26.52,58.5,24.0,0,20.0,30.0,10.7,-2.4119727210661193,4.336363233712032,-2.630763388061111,-1.1557345055158255,1.696060668998502,0.29644259501866305,-0.1288682548395662,0.06611716981515647,0.14138966608243841,0.034230801246949716,-0.013228326371331395,499.99999999999994,64.88089979360548
30.0,0.0,0.0,0.035,26.52,58.5,24.0,0,20.0,30.0,0.07,-2.4119727210661193,4.336363233712032,-2.630763388061111,-1.1557345055158255,1.696060668998502,0.29644259501866305,-0.1288682548395662,0.06611716981515647,0.14138966608243841,0.034230801246949716,-0.013228326371331395,467.8199999999999,53.18839917016861
70.0,0.0,0.0,0.035,26.52,58.5,5.25,0,20.0,30.0,0.07,-2.4119727210661193,4.336363233712032,-2.630763388061111,-1.1557345055158255,1.696060668998502,0.29644259501866305,-0.1288682548395662,0.06611716981515647,0.14138966608243841,0.034230801246949716,-0.013228326371331395,127.01999999999992,41.73290378111285
70.0,0.0,0.0,0.035,26.52,58.5,2.125,0,20.0,30.0,0.07,-2.4119727210661193,4.336363233712032,-2.630763388061111,-1.1557345055158255,1.696060668998502,0.29644259501866305,-0.1288682548395662,0.06611716981515647,0.14138966608243841,0.034230801246949716,-0.013228326371331395,5.769999999999999,22.304343690264403
70.0,0.0,0.0,0.035,26.52,58.5,4.0,0,20.0,30.0,0.07,-2.4119727210661193,4.336363233712032,-2.630763388061111,-1.1557345055158255,1.696060668998502,0.29644259501866305,-0.1288682548395662,0.06611716981515647,0.14138966608243841,0.034230801246949716,-0.013228326371331395,46.19000000000002,30.18604575125372
30.0,0.0,0.0,0.0,23.57,76.4,9.0,0,33.18,20.0,0.4,15.19777360560558,1.0732920004386595,2.949817236425003,-3.53542915426556,1.4185169347431148,-0.25296760113322725,3.2321382434335657,-1.606477416442758,-1.989984529382081,-0.16115584169629596,0.562868162193048,3685.999999999999,64.78910542842763
30.0,0.0,0.0,0.0,23.58,80.0,9.0,0,33.18,20.0,0.4,15.19777360560558,1.0732920004386595,2.949817236425003,-3.53542915426556,1.4185169347431148,-0.25296760113322725,3.2321382434335657,-1.606477416442758,-1.989984529382081,-0.16115584169629596,0.562868162193048,2506.9999999999995,64.42849605639421
30.0,0.0,0.0,0.0,26.52,58.5,9.0,0,33.18,20.0,0.4,15.19777360560558,1.0732920004386595,2.949817236425003,-3.53542915426556,1.4185169347431148,-0.25296760113322725,3.2321382434335657,-1.606477416442758,-1.989984529382081,-0.16115584169629596,0.562868162193048,191.20000000000002,43.41680160684858
30.0,0.0,0.0,0.0,29.61,40.49,9.0,0,33.18,20.0,0.4,15.19777360560558,1.0732920004386595,2.949817236425003,-3.53542915426556,1.4185169347431148,-0.25296760113322725,3.2321382434335657,-1.606477416442758,-1.989984529382081,-0.16115584169629596,0.562868162193048,26.200000000000014,34.319945350432114
50.0,0.0,0.0,0.0,23.57,76.4,5.6667,0,15.2,60.0,1.0,25.30757074233922,1.6192692238285074,2.497734606174993,2.91687398091005,5.3069439641187195,5.311522391822446,10.63705792204952,3.338350559783576,0.6044889685270405,-2.370466303283761,0.48411586764201975,5661.000000000001,3863.9146195018643
50.0,0.0,0.0,0.0,23.19,91.8,5.6667,0,15.2,60.0,1.0,25.30757074233922,1.6192692238285074,2.497734606174993,2.91687398091005,5.3069439641187195,5.311522391822446,10.63705792204952,3.338350559783576,0.6044889685270405,-2.370466303283761,0.48411586764201975,5661.000000000001,3745.969201117087
50.0,0.0,0.0,0.0,26.52,58.5,5.6667,0,15.2,60.0,1.0,25.30757074233922,1.6192692238285074,2.497734606174993,2.91687398091005,5.3069439641187195,5.311522391822446,10.63705792204952,3.338350559783576,0.6044889685270405,-2.370466303283761,0.48411586764201975,2822.0000000000005,449.31492526911273
50.0,0.0,0.0,0.0,23.19,91.8,5.6667,0,15.2,60.0,1.0,26.31790876553887,2.682465808695582,1.4812655030788426,1.4107780543003914,5.219058839018185,4.582649294584757,8.974983487939568,1.7860180173246378,-1.4472630051626685,-1.629651956346,-0.06345200932934009,5661.000000000001,1135.3386390907485
50.0,0.0,0.0,0.0,23.57,76.4,5.6667,0,15.2,60.0,1.0,26.31790876553887,2.682465808695582,1.4812655030788426,1.4107780543003914,5.219058839018185,4.582649294584757,8.974983487939568,1.7860180173246378,-1.4472630051626685,-1.629651956346,-0.06345200932934009,2827.999999999999,1225.3984151313848
50.0,0.0,0.0,0.0,26.52,58.5,5.6667,0,15.2,60.0,1.0,26.31790876553887,2.682465808695582,1.4812655030788426,1.4107780543003914,5.219058839018185,4.582649294584757,8.974983487939568,1.7860180173246378,-1.4472630051626685,-1.629651956346,-0.06345200932934009,2154.999999999999,394.36320956430603
10.0,0.0,0.0,0.0,23.57,76.4,5.6667,0,15.2,60.0,5.0,25.30757074233922,1.6192692238285074,2.497734606174993,2.91687398091005,5.3069439641187195,5.311522391822446,10.63705792204952,3.338350559783576,0.6044889685270405,-2.370466303283761,0.48411586764201975,2916.6666670000013,3845.8703912530277
39.0,0.0,0.0,0.0,23.57,76.4,5.6667,0,15.2,60.0,5.0,25.30757074233922,1.6192692238285074,2.497734606174993,2.91687398091005,5.3069439641187195,5.311522391822446,10.63705792204952,3.338350559783576,0.6044889685270405,-2.370466303283761,0.48411586764201975,1347.7011489999995,3415.836476152892
28.0,0.0,0.0,0.0,23.57,76.4,5.6667,0,15.2,60.0,5.0,25.30757074233922,1.6192692238285074,2.497734606174993,2.91687398091005,5.3069439641187195,5.311522391822446,10.63705792204952,3.338350559783576,0.6044889685270405,-2.370466303283761,0.48411586764201975,1106.3218390000004,3285.8850566334013
10.0,0.0,0.0,0.0,23.57,76.4,5.6667,0,15.2,80.0,5.0,25.30757074233922,1.6192692238285074,2.497734606174993,2.91687398091005,5.3069439641187195,5.311522391822446,10.63705792204952,3.338350559783576,0.6044889685270405,-2.370466303283761,0.48411586764201975,1790.2298850000006,3434.225536064919
28.0,0.0,0.0,0.0,23.57,76.4,5.6667,0,15.2,80.0,5.0,25.30757074233922,1.6192692238285074,2.497734606174993,2.91687398091005,5.3069439641187195,5.311522391822446,10.63705792204952,3.338350559783576,0.6044889685270405,-2.370466303283761,0.48411586764201975,1025.8620690000002,2890.866787183197
39.0,0.0,0.0,0.0,23.57,76.4,5.6667,0,15.2,80.0,5.0,25.30757074233922,1.6192692238285074,2.497734606174993,2.91687398091005,5.3069439641187195,5.311522391822446,10.63705792204952,3.338350559783576,0.6044889685270405,-2.370466303283761,0.48411586764201975,945.402299000001,2944.1527496574736
10.0,0.0,0.0,0.0,23.57,76.4,5.6667,0,15.2,100.0,5.0,25.30757074233922,1.6192692238285074,2.497734606174993,2.91687398091005,5.3069439641187195,5.311522391822446,10.63705792204952,3.338350559783576,0.6044889685270405,-2.370466303283761,0.48411586764201975,1488.5057470000004,3432.0054625157336
39.0,0.0,0.0,0.0,23.57,76.4,5.6667,0,15.2,100.0,5.0,25.30757074233922,1.6192692238285074,2.497734606174993,2.91687398091005,5.3069439641187195,5.311522391822446,10.63705792204952,3.338350559783576,0.6044889685270405,-2.370466303283761,0.48411586764201975,1025.8620690000002,2942.2494862941226
28.0,0.0,0.0,0.0,23.57,76.4,5.6667,0,15.2,100.0,5.0,25.30757074233922,1.6192692238285074,2.497734606174993,2.91687398091005,5.3069439641187195,5.311522391822446,10.63705792204952,3.338350559783576,0.6044889685270405,-2.370466303283761,0.48411586764201975,864.9425290000012,2888.9979708165824
